Entity,Year,SSP1 (number of people in extreme poverty),SSP2 (number of people in extreme poverty),SSP3 (number of people in extreme poverty),SSP4 (number of people in extreme poverty),SSP5 (number of people in extreme poverty),SSP1 (difference in number in extreme poverty to baseline),SSP3 (difference in number in extreme poverty to baseline),SSP4 (difference in number in extreme poverty to baseline),SSP5 (difference in number in extreme poverty to baseline)
Afghanistan,2015,12698235,12698235,12698235,12698235,12698235,0,0,0,0
Afghanistan,2016,12888301,12888301,12888301,12888301,12888301,0,0,0,0
Afghanistan,2017,12789616,12789616,12789616,12789616,12789616,0,0,0,0
Afghanistan,2018,12532599,12532599,12532599,12532599,12532599,0,0,0,0
Afghanistan,2019,12149180,12149180,12149180,12149180,12149180,0,0,0,0
Afghanistan,2020,11666924,11666924,11666924,11666924,11666924,0,0,0,0
Afghanistan,2021,11102498,11102498,11102498,11102498,11102498,0,0,0,0
Afghanistan,2022,10468533,10468533,10468533,10468533,10468533,0,0,0,0
Afghanistan,2023,10033841,10212108,10375284,10351112,9969767,-178267,163176,139004,-242341
Afghanistan,2024,9618606,9962434,10282797,10234981,9496595,-343828,320363,272547,-465839
Afghanistan,2025,9221901,9719322,10191066,10120124,9047617,-497421,471744,400802,-671705
Afghanistan,2026,8703496,9431700,10080427,9996059,8451139,-728204,648727,564359,-980561
Afghanistan,2027,8216557,9153283,9970963,9873493,7897114,-936726,817680,720210,-1256169
Afghanistan,2028,7759048,8883755,9862662,9752408,7382321,-1124707,978907,868653,-1501434
Afghanistan,2029,7329071,8622814,9755512,9632787,6903797,-1293743,1132698,1009973,-1719017
Afghanistan,2030,6924858,8370169,9649502,9514612,6458815,-1445311,1279333,1144443,-1911354
Afghanistan,2031,6482782,8082105,9496603,9367226,5977858,-1599323,1414498,1285121,-2104247
Africa,2015,400842891,400842891,400842891,400842891,400842891,0,0,0,0
Africa,2016,411633083,411633083,411633083,411633083,411633083,0,0,0,0
Africa,2017,416870746,416870746,416870746,416870746,416870746,0,0,0,0
Africa,2018,419794482,419794482,419794482,419794482,419794482,0,0,0,0
Africa,2019,422038158,422038158,422038158,422038158,422038158,0,0,0,0
Africa,2020,423415990,423415990,423415990,423415990,423415990,0,0,0,0
Africa,2021,424848367,424848367,424848367,424848367,424848367,0,0,0,0
Africa,2022,424455160,424455160,424455160,424455160,424455160,0,0,0,0
Africa,2023,413480054,418328685,424113337,423852111,411452002,-4848631,5784652,5523426,-6876683
Africa,2024,402804306,412352871,423859706,423378277,398910998,-9548565,11506835,11025406,-13441873
Africa,2025,392412978,406514516,423697918,423031630,386787295,-14101538,17183402,16517114,-19727221
Africa,2026,380036023,400118789,424679988,423578225,371722579,-20082766,24561199,23459436,-28396210
Africa,2027,368048856,393907703,425793840,424279784,357223188,-25858847,31886137,30372081,-36684515
Africa,2028,356399871,387857516,427018539,425118912,343240736,-31457645,39161023,37261396,-44616780
Africa,2029,345090556,381940447,428358929,426088951,329748381,-36849891,46418482,44148504,-52192066
Africa,2030,334087378,376163962,429801979,427176135,316739568,-42076584,53638017,51012173,-59424394
Albania,2015,17421,17421,17421,17421,17421,0,0,0,0
Albania,2016,15192,15192,15192,15192,15192,0,0,0,0
Albania,2017,13134,13134,13134,13134,13134,0,0,0,0
Albania,2018,11178,11178,11178,11178,11178,0,0,0,0
Albania,2019,9698,9698,9698,9698,9698,0,0,0,0
Albania,2020,8311,8311,8311,8311,8311,0,0,0,0
Albania,2021,7168,7168,7168,7168,7168,0,0,0,0
Albania,2022,6232,6232,6232,6232,6232,0,0,0,0
Albania,2023,5588,5657,5765,5637,5516,-69,108,-20,-141
Albania,2024,5025,5148,5341,5111,4900,-123,193,-37,-248
Albania,2025,4532,4696,4957,4646,4368,-164,261,-50,-328
Albania,2026,3993,4265,4623,4177,3926,-272,358,-88,-339
Albania,2027,3698,4004,4282,3896,3435,-306,278,-108,-569
Albania,2028,3243,3635,4123,3516,3088,-392,488,-119,-547
Albania,2029,2935,3245,3826,3263,2707,-310,581,18,-538
Albania,2030,2709,3148,3560,2928,2446,-439,412,-220,-702
Albania,2031,2477,2808,3414,2678,2199,-331,606,-130,-609
Algeria,2015,834726,834726,834726,834726,834726,0,0,0,0
Algeria,2016,764733,764733,764733,764733,764733,0,0,0,0
Algeria,2017,788662,788662,788662,788662,788662,0,0,0,0
Algeria,2018,837449,837449,837449,837449,837449,0,0,0,0
Algeria,2019,862169,862169,862169,862169,862169,0,0,0,0
Algeria,2020,867325,867325,867325,867325,867325,0,0,0,0
Algeria,2021,850752,850752,850752,850752,850752,0,0,0,0
Algeria,2022,825658,825658,825658,825658,825658,0,0,0,0
Algeria,2023,745857,761836,784222,766563,736745,-15979,22386,4727,-25091
Algeria,2024,673452,702698,744713,711479,656708,-29246,42015,8781,-45990
Algeria,2025,607748,647726,707091,659891,585716,-39978,59365,12165,-62010
Algeria,2026,540325,592759,671963,608282,510549,-52434,79204,15523,-82210
Algeria,2027,481636,542497,638957,560714,443758,-60861,96460,18217,-98739
Algeria,2028,426930,497579,607566,517292,387934,-70649,109987,19713,-109645
Algeria,2029,380806,453761,577739,478041,339484,-72955,123978,24280,-114277
Algeria,2030,339961,416255,549687,438932,296570,-76294,133432,22677,-119685
Algeria,2031,302335,383033,527657,406918,260429,-80698,144624,23885,-122604
Angola,2015,6867780,6867780,6867780,6867780,6867780,0,0,0,0
Angola,2016,7420398,7420398,7420398,7420398,7420398,0,0,0,0
Angola,2017,7856032,7856032,7856032,7856032,7856032,0,0,0,0
Angola,2018,8285219,8285219,8285219,8285219,8285219,0,0,0,0
Angola,2019,8747041,8747041,8747041,8747041,8747041,0,0,0,0
Angola,2020,9214087,9214087,9214087,9214087,9214087,0,0,0,0
Angola,2021,9720241,9720241,9720241,9720241,9720241,0,0,0,0
Angola,2022,10237488,10237488,10237488,10237488,10237488,0,0,0,0
Angola,2023,10376306,10493266,10570105,10574164,10328226,-116960,76839,80898,-165040
Angola,2024,10516654,10755434,10913433,10921820,10418807,-238780,157999,166386,-336627
Angola,2025,10658540,11024153,11267812,11280813,10509202,-365613,243659,256660,-514951
Angola,2026,10764478,11303185,11654246,11647450,10523177,-538707,351061,344265,-780008
Angola,2027,10871083,11589213,12053486,12025761,10535479,-718130,464273,436548,-1053734
Angola,2028,10978351,11882410,12465942,12416111,10546080,-904059,583532,533701,-1336330
Angola,2029,11086278,12182954,12892038,12818874,10554947,-1096676,709084,635920,-1628007
Angola,2030,11194860,12491028,13329865,13234439,10562052,-1296168,838837,743411,-1928976
Angola,2031,11267325,12792895,13788900,13632050,10516513,-1525570,996005,839155,-2276382
Antigua and Barbuda,2015,1937,1937,1937,1937,1937,0,0,0,0
Antigua and Barbuda,2016,1843,1843,1843,1843,1843,0,0,0,0
Antigua and Barbuda,2017,1786,1786,1786,1786,1786,0,0,0,0
Antigua and Barbuda,2018,1740,1740,1740,1740,1740,0,0,0,0
Antigua and Barbuda,2019,1695,1695,1695,1695,1695,0,0,0,0
Antigua and Barbuda,2020,1651,1651,1651,1651,1651,0,0,0,0
Antigua and Barbuda,2021,1607,1607,1607,1607,1607,0,0,0,0
Antigua and Barbuda,2022,1564,1564,1564,1564,1564,0,0,0,0
Antigua and Barbuda,2023,1508,1508,1508,1508,1508,0,0,0,0
Antigua and Barbuda,2024,1453,1453,1453,1453,1453,0,0,0,0
Antigua and Barbuda,2025,1400,1400,1400,1400,1400,0,0,0,0
Antigua and Barbuda,2026,1348,1348,1348,1348,1348,0,0,0,0
Antigua and Barbuda,2027,1298,1298,1298,1298,1298,0,0,0,0
Antigua and Barbuda,2028,1248,1248,1248,1248,1248,0,0,0,0
Antigua and Barbuda,2029,1200,1200,1200,1200,1200,0,0,0,0
Antigua and Barbuda,2030,1153,1153,1153,1153,1153,0,0,0,0
Antigua and Barbuda,2031,1107,1107,1107,1107,1107,0,0,0,0
Argentina,2015,62134,62134,62134,62134,62134,0,0,0,0
Argentina,2016,65748,65748,65748,65748,65748,0,0,0,0
Argentina,2017,65274,65274,65274,65274,65274,0,0,0,0
Argentina,2018,64658,64658,64658,64658,64658,0,0,0,0
Argentina,2019,63904,63904,63904,63904,63904,0,0,0,0
Argentina,2020,62700,62700,62700,62700,62700,0,0,0,0
Argentina,2021,64196,64196,64196,64196,64196,0,0,0,0
Argentina,2022,62984,62984,62984,62984,62984,0,0,0,0
Argentina,2023,62150,62498,62995,62446,61997,-348,497,-52,-501
Argentina,2024,61341,62025,63009,61922,61043,-684,984,-103,-982
Argentina,2025,60557,61564,63027,61410,60121,-1007,1463,-154,-1443
Argentina,2026,59736,61113,63147,60845,59107,-1377,2034,-268,-2006
Argentina,2027,58940,60673,63270,60294,58129,-1733,2597,-379,-2544
Argentina,2028,58169,60244,63395,59755,57187,-2075,3151,-489,-3057
Argentina,2029,57422,59826,63522,59230,56279,-2404,3696,-596,-3547
Argentina,2030,56699,59420,63652,58717,55406,-2721,4232,-703,-4014
Argentina,2031,55944,59003,63784,58183,54494,-3059,4781,-820,-4509
Armenia,2015,86281,86281,86281,86281,86281,0,0,0,0
Armenia,2016,86784,86784,86784,86784,86784,0,0,0,0
Armenia,2017,77138,77138,77138,77138,77138,0,0,0,0
Armenia,2018,68511,68511,68511,68511,68511,0,0,0,0
Armenia,2019,60361,60361,60361,60361,60361,0,0,0,0
Armenia,2020,52975,52975,52975,52975,52975,0,0,0,0
Armenia,2021,45945,45945,45945,45945,45945,0,0,0,0
Armenia,2022,39017,39017,39017,39017,39017,0,0,0,0
Armenia,2023,33760,34200,34889,34082,33185,-440,689,-118,-1015
Armenia,2024,29376,30132,31249,29958,28311,-756,1117,-174,-1821
Armenia,2025,25632,26599,28133,26332,24404,-967,1534,-267,-2195
Armenia,2026,22767,24005,25944,23641,21305,-1238,1939,-364,-2700
Armenia,2027,20281,21715,23924,21278,18625,-1434,2209,-437,-3090
Armenia,2028,18054,19662,22097,19163,16485,-1608,2435,-499,-3177
Armenia,2029,16294,17983,20424,17443,14614,-1689,2441,-540,-3369
Armenia,2030,14558,16335,18868,15774,12946,-1777,2533,-561,-3389
Armenia,2031,13400,15052,17878,14409,11645,-1652,2826,-643,-3407
Asia,2015,292080564,292080564,292080564,292080564,292080564,0,0,0,0
Asia,2016,246052311,246052311,246052311,246052311,246052311,0,0,0,0
Asia,2017,201222142,201222142,201222142,201222142,201222142,0,0,0,0
Asia,2018,159425799,159425799,159425799,159425799,159425799,0,0,0,0
Asia,2019,125241646,125241646,125241646,125241646,125241646,0,0,0,0
Asia,2020,98332451,98332451,98332451,98332451,98332451,0,0,0,0
Asia,2021,77916684,77916684,77916684,77916684,77916684,0,0,0,0
Asia,2022,62830935,62830935,62830935,62830935,62830935,0,0,0,0
Asia,2023,53833701,54866472,56095153,55389860,53371554,-1032771,1228681,523388,-1494918
Asia,2024,48190394,49876442,51830902,50807172,47472638,-1686048,1954460,930730,-2403804
Asia,2025,44081855,46195797,48688819,47513714,43214678,-2113942,2493022,1317917,-2981119
Asia,2026,40831338,43498553,46741589,45180578,39799472,-2667215,3243036,1682025,-3699081
Asia,2027,38270281,41370460,45122443,43444414,37137024,-3100179,3751983,2073954,-4233436
Asia,2028,36298369,39708905,43940040,42097748,35067124,-3410536,4231135,2388843,-4641781
Asia,2029,34812890,38417809,43093317,41149335,33503559,-3604919,4675508,2731526,-4914250
Asia,2030,33487171,37543322,42522430,40581747,32188472,-4056151,4979108,3038425,-5354850
Australia,2015,50305,50305,50305,50305,50305,0,0,0,0
Australia,2016,50793,50793,50793,50793,50793,0,0,0,0
Australia,2017,51115,51115,51115,51115,51115,0,0,0,0
Australia,2018,51435,51435,51435,51435,51435,0,0,0,0
Australia,2019,51743,51743,51743,51743,51743,0,0,0,0
Australia,2020,52052,52052,52052,52052,52052,0,0,0,0
Australia,2021,52342,52342,52342,52342,52342,0,0,0,0
Australia,2022,52643,52643,52643,52643,52643,0,0,0,0
Australia,2023,53160,53154,52820,53061,53505,6,-334,-93,351
Australia,2024,53684,53673,53000,53485,54382,11,-673,-188,709
Australia,2025,54217,54198,53184,53915,55276,19,-1014,-283,1078
Australia,2026,54682,54665,53266,54256,56091,17,-1399,-409,1426
Australia,2027,55154,55137,53351,54603,56919,17,-1786,-534,1782
Australia,2028,55632,55615,53438,54954,57761,17,-2177,-661,2146
Australia,2029,56117,56099,53528,55311,58618,18,-2571,-788,2519
Australia,2030,56608,56589,53620,55672,59489,19,-2969,-917,2900
Australia,2031,57050,57026,53644,55980,60278,24,-3382,-1046,3252
Austria,2015,34001,34001,34001,34001,34001,0,0,0,0
Austria,2016,33976,33976,33976,33976,33976,0,0,0,0
Austria,2017,33948,33948,33948,33948,33948,0,0,0,0
Austria,2018,33924,33924,33924,33924,33924,0,0,0,0
Austria,2019,33904,33904,33904,33904,33904,0,0,0,0
Austria,2020,33901,33901,33901,33901,33901,0,0,0,0
Austria,2021,33904,33904,33904,33904,33904,0,0,0,0
Austria,2022,33912,33912,33912,33912,33912,0,0,0,0
Austria,2023,33980,33955,33815,33906,34090,25,-140,-49,135
Austria,2024,34049,33999,33718,33900,34270,50,-281,-99,271
Austria,2025,34118,34043,33622,33895,34451,75,-421,-148,408
Austria,2026,34168,34065,33478,33854,34622,103,-587,-211,557
Austria,2027,34217,34088,33335,33814,34793,129,-753,-274,705
Austria,2028,34268,34111,33193,33775,34967,157,-918,-336,856
Austria,2029,34319,34134,33052,33737,35141,185,-1082,-397,1007
Austria,2030,34371,34158,32912,33699,35317,213,-1246,-459,1159
Austria,2031,34400,34154,32732,33636,35469,246,-1422,-518,1315
Azerbaijan,2015,23106,23106,23106,23106,23106,0,0,0,0
Azerbaijan,2016,26482,26482,26482,26482,26482,0,0,0,0
Azerbaijan,2017,28449,28449,28449,28449,28449,0,0,0,0
Azerbaijan,2018,27881,27881,27881,27881,27881,0,0,0,0
Azerbaijan,2019,26430,26430,26430,26430,26430,0,0,0,0
Azerbaijan,2020,25232,25232,25232,25232,25232,0,0,0,0
Azerbaijan,2021,24285,24285,24285,24285,24285,0,0,0,0
Azerbaijan,2022,22717,22717,22717,22717,22717,0,0,0,0
Azerbaijan,2023,22193,22316,22362,22250,22150,-123,46,-66,-166
Azerbaijan,2024,21689,21927,22017,21798,21606,-238,90,-129,-321
Azerbaijan,2025,21203,21550,21682,21361,21083,-347,132,-189,-467
Azerbaijan,2026,20753,21258,21429,20995,20556,-505,171,-263,-702
Azerbaijan,2027,20318,20973,21181,20637,20049,-655,208,-336,-924
Azerbaijan,2028,19898,20695,20938,20289,19561,-797,243,-406,-1134
Azerbaijan,2029,19490,20422,20701,19951,19091,-932,279,-471,-1331
Azerbaijan,2030,19095,20156,20468,19620,18639,-1061,312,-536,-1517
Azerbaijan,2031,18754,19969,20354,19356,18224,-1215,385,-613,-1745
Bahamas,2015,7343,7343,7343,7343,7343,0,0,0,0
Bahamas,2016,7542,7542,7542,7542,7542,0,0,0,0
Bahamas,2017,7600,7600,7600,7600,7600,0,0,0,0
Bahamas,2018,7580,7580,7580,7580,7580,0,0,0,0
Bahamas,2019,7559,7559,7559,7559,7559,0,0,0,0
Bahamas,2020,7565,7565,7565,7565,7565,0,0,0,0
Bahamas,2021,7610,7610,7610,7610,7610,0,0,0,0
Bahamas,2022,7656,7656,7656,7656,7656,0,0,0,0
Bahamas,2023,7773,7803,7799,7777,7804,-30,-4,-26,1
Bahamas,2024,7891,7953,7944,7900,7954,-62,-9,-53,1
Bahamas,2025,8011,8106,8093,8026,8108,-95,-13,-80,2
Bahamas,2026,8104,8239,8224,8120,8233,-135,-15,-119,-6
Bahamas,2027,8197,8374,8358,8215,8361,-177,-16,-159,-13
Bahamas,2028,8291,8512,8493,8312,8491,-221,-19,-200,-21
Bahamas,2029,8387,8653,8632,8409,8623,-266,-21,-244,-30
Bahamas,2030,8483,8795,8772,8508,8757,-312,-23,-287,-38
Bahamas,2031,8560,8915,8887,8583,8870,-355,-28,-332,-45
Bahrain,2015,1451,1451,1451,1451,1451,0,0,0,0
Bahrain,2016,1410,1410,1410,1410,1410,0,0,0,0
Bahrain,2017,1380,1380,1380,1380,1380,0,0,0,0
Bahrain,2018,1357,1357,1357,1357,1357,0,0,0,0
Bahrain,2019,1333,1333,1333,1333,1333,0,0,0,0
Bahrain,2020,1302,1302,1302,1302,1302,0,0,0,0
Bahrain,2021,1267,1267,1267,1267,1267,0,0,0,0
Bahrain,2022,1232,1232,1232,1232,1232,0,0,0,0
Bahrain,2023,1214,1218,1210,1217,1224,-4,-8,-1,6
Bahrain,2024,1197,1204,1189,1203,1216,-7,-15,-1,12
Bahrain,2025,1180,1191,1168,1188,1208,-11,-23,-3,17
Bahrain,2026,1158,1172,1146,1169,1192,-14,-26,-3,20
Bahrain,2027,1136,1155,1123,1150,1177,-19,-32,-5,22
Bahrain,2028,1115,1137,1102,1131,1162,-22,-35,-6,25
Bahrain,2029,1094,1119,1080,1112,1147,-25,-39,-7,28
Bahrain,2030,1073,1102,1059,1093,1132,-29,-43,-9,30
Bahrain,2031,1051,1082,1037,1072,1113,-31,-45,-10,31
Bangladesh,2015,17125883,17125883,17125883,17125883,17125883,0,0,0,0
Bangladesh,2016,13132498,13132498,13132498,13132498,13132498,0,0,0,0
Bangladesh,2017,9616760,9616760,9616760,9616760,9616760,0,0,0,0
Bangladesh,2018,6621232,6621232,6621232,6621232,6621232,0,0,0,0
Bangladesh,2019,4279649,4279649,4279649,4279649,4279649,0,0,0,0
Bangladesh,2020,2602082,2602082,2602082,2602082,2602082,0,0,0,0
Bangladesh,2021,1514228,1514228,1514228,1514228,1514228,0,0,0,0
Bangladesh,2022,861978,861978,861978,861978,861978,0,0,0,0
Bangladesh,2023,489040,534719,580966,557274,463965,-45679,46247,22555,-70754
Bangladesh,2024,278538,330904,389527,358728,250235,-52366,58623,27824,-80669
Bangladesh,2025,164714,213477,266273,232258,143262,-48763,52796,18781,-70215
Bangladesh,2026,100716,139528,196334,166479,81897,-38812,56806,26951,-57631
Bangladesh,2027,60480,90921,145135,124507,44664,-30441,54214,33586,-46257
Bangladesh,2028,36458,64901,111249,86722,33369,-28443,46348,21821,-31532
Bangladesh,2029,22679,46167,83435,62532,24862,-23488,37268,16365,-21305
Bangladesh,2030,22770,37699,61484,45619,11300,-14929,23785,7920,-26399
Bangladesh,2031,11437,23404,48223,43334,5664,-11967,24819,19930,-17740
Barbados,2015,4298,4298,4298,4298,4298,0,0,0,0
Barbados,2016,4247,4247,4247,4247,4247,0,0,0,0
Barbados,2017,4191,4191,4191,4191,4191,0,0,0,0
Barbados,2018,4130,4130,4130,4130,4130,0,0,0,0
Barbados,2019,4083,4083,4083,4083,4083,0,0,0,0
Barbados,2020,4047,4047,4047,4047,4047,0,0,0,0
Barbados,2021,4011,4011,4011,4011,4011,0,0,0,0
Barbados,2022,3975,3975,3975,3975,3975,0,0,0,0
Barbados,2023,3972,3976,3973,3959,3982,-4,-3,-17,6
Barbados,2024,3970,3978,3971,3943,3990,-8,-7,-35,12
Barbados,2025,3968,3979,3970,3927,3997,-11,-9,-52,18
Barbados,2026,3977,3987,3970,3914,4024,-10,-17,-73,37
Barbados,2027,3987,3995,3970,3902,4052,-8,-25,-93,57
Barbados,2028,3997,4003,3970,3889,4079,-6,-33,-114,76
Barbados,2029,4006,4011,3970,3876,4107,-5,-41,-135,96
Barbados,2030,4016,4019,3970,3863,4136,-3,-49,-156,117
Barbados,2031,4031,4028,3965,3848,4174,3,-63,-180,146
Belarus,2015,6607,6607,6607,6607,6607,0,0,0,0
Belarus,2016,6315,6315,6315,6315,6315,0,0,0,0
Belarus,2017,6356,6356,6356,6356,6356,0,0,0,0
Belarus,2018,6234,6234,6234,6234,6234,0,0,0,0
Belarus,2019,6666,6666,6666,6666,6666,0,0,0,0
Belarus,2020,6407,6407,6407,6407,6407,0,0,0,0
Belarus,2021,6202,6202,6202,6202,6202,0,0,0,0
Belarus,2022,5987,5987,5987,5987,5987,0,0,0,0
Belarus,2023,5839,5856,5874,5847,5827,-17,18,-9,-29
Belarus,2024,5699,5731,5765,5714,5675,-32,34,-17,-56
Belarus,2025,5565,5612,5660,5587,5533,-47,48,-25,-79
Belarus,2026,5448,5513,5579,5478,5402,-65,66,-35,-111
Belarus,2027,5290,5418,5500,5373,5185,-128,82,-45,-233
Belarus,2028,5104,5276,5424,5214,5537,-172,148,-62,261
Belarus,2029,5480,5124,5318,5052,5349,356,194,-72,225
Belarus,2030,5314,5529,5193,5443,5175,-215,-336,-86,-354
Belarus,2031,5171,5402,5088,5307,5026,-231,-314,-95,-376
Belgium,2015,35751,35751,35751,35751,35751,0,0,0,0
Belgium,2016,35918,35918,35918,35918,35918,0,0,0,0
Belgium,2017,36041,36041,36041,36041,36041,0,0,0,0
Belgium,2018,36165,36165,36165,36165,36165,0,0,0,0
Belgium,2019,36271,36271,36271,36271,36271,0,0,0,0
Belgium,2020,36343,36343,36343,36343,36343,0,0,0,0
Belgium,2021,36389,36389,36389,36389,36389,0,0,0,0
Belgium,2022,36406,36406,36406,36406,36406,0,0,0,0
Belgium,2023,36507,36475,36324,36405,36646,32,-151,-70,171
Belgium,2024,36608,36545,36244,36404,36889,63,-301,-141,344
Belgium,2025,36711,36616,36164,36405,37133,95,-452,-211,517
Belgium,2026,36811,36680,36032,36381,37392,131,-648,-299,712
Belgium,2027,36912,36745,35902,36358,37652,167,-843,-387,907
Belgium,2028,37015,36811,35773,36336,37915,204,-1038,-475,1104
Belgium,2029,37118,36878,35647,36315,38181,240,-1231,-563,1303
Belgium,2030,37222,36946,35521,36295,38448,276,-1425,-651,1502
Belgium,2031,37324,37007,35365,36267,38711,317,-1642,-740,1704
Belize,2015,36748,36748,36748,36748,36748,0,0,0,0
Belize,2016,39401,39401,39401,39401,39401,0,0,0,0
Belize,2017,39709,39709,39709,39709,39709,0,0,0,0
Belize,2018,40391,40391,40391,40391,40391,0,0,0,0
Belize,2019,41162,41162,41162,41162,41162,0,0,0,0
Belize,2020,41968,41968,41968,41968,41968,0,0,0,0
Belize,2021,42743,42743,42743,42743,42743,0,0,0,0
Belize,2022,43484,43484,43484,43484,43484,0,0,0,0
Belize,2023,42564,43044,43764,43641,42235,-480,720,597,-809
Belize,2024,41677,42628,44069,43823,41030,-951,1441,1195,-1598
Belize,2025,40795,42208,44376,44005,39854,-1413,2168,1797,-2354
Belize,2026,39717,41623,44590,44051,38398,-1906,2967,2428,-3225
Belize,2027,38657,41058,44802,44095,36983,-2401,3744,3037,-4075
Belize,2028,37616,40491,45012,44136,35644,-2875,4521,3645,-4847
Belize,2029,36630,39932,45227,44181,34331,-3302,5295,4249,-5601
Belize,2030,35647,39374,45431,44215,33064,-3727,6057,4841,-6310
Belize,2031,34620,38751,45548,44199,31750,-4131,6797,5448,-7001
Benin,2015,5206814,5206814,5206814,5206814,5206814,0,0,0,0
Benin,2016,5269493,5269493,5269493,5269493,5269493,0,0,0,0
Benin,2017,5255330,5255330,5255330,5255330,5255330,0,0,0,0
Benin,2018,5200319,5200319,5200319,5200319,5200319,0,0,0,0
Benin,2019,5123493,5123493,5123493,5123493,5123493,0,0,0,0
Benin,2020,5016060,5016060,5016060,5016060,5016060,0,0,0,0
Benin,2021,4876681,4876681,4876681,4876681,4876681,0,0,0,0
Benin,2022,4778884,4778884,4778884,4778884,4778884,0,0,0,0
Benin,2023,4617582,4680758,4728770,4730200,4599431,-63176,48012,49442,-81327
Benin,2024,4451802,4578126,4674987,4677725,4415187,-126324,96861,99599,-162939
Benin,2025,4281749,4471023,4617495,4621412,4226421,-189274,146472,150389,-244602
Benin,2026,4059283,4328673,4555049,4555036,3965553,-269390,226376,226363,-363120
Benin,2027,3834218,4182399,4489177,4485008,3702459,-348181,306778,302609,-479940
Benin,2028,3606831,4032287,4419846,4411290,3437536,-425456,387559,379003,-594751
Benin,2029,3377359,3878413,4347019,4333846,3171105,-501054,468606,455433,-707308
Benin,2030,3145992,3720841,4270656,4252634,2903407,-574849,549815,531793,-817434
Benin,2031,2886344,3541377,4186600,4164941,2599418,-655033,645223,623564,-941959
Bhutan,2015,1736,1736,1736,1736,1736,0,0,0,0
Bhutan,2016,1295,1295,1295,1295,1295,0,0,0,0
Bhutan,2017,976,976,976,976,976,0,0,0,0
Bhutan,2018,571,571,571,571,571,0,0,0,0
Bhutan,2019,298,298,298,298,298,0,0,0,0
Bhutan,2020,204,204,204,204,204,0,0,0,0
Bhutan,2021,194,194,194,194,194,0,0,0,0
Bhutan,2022,193,193,193,193,193,0,0,0,0
Bhutan,2023,106,106,106,106,106,0,0,0,0
Bhutan,2024,117,120,107,107,116,-3,-13,-13,-4
Bhutan,2025,141,146,154,147,140,-5,8,1,-6
Bhutan,2026,55,55,135,55,55,0,80,0,0
Bhutan,2027,55,56,56,55,56,-1,0,-1,0
Bhutan,2028,56,57,57,56,57,-1,0,-1,0
Bhutan,2029,100,58,58,57,98,42,0,-1,40
Bhutan,2030,29,29,59,98,29,0,30,69,0
Bhutan,2031,29,30,104,29,29,-1,74,-1,-1
Bolivia,2015,627053,627053,627053,627053,627053,0,0,0,0
Bolivia,2016,611802,611802,611802,611802,611802,0,0,0,0
Bolivia,2017,597612,597612,597612,597612,597612,0,0,0,0
Bolivia,2018,586197,586197,586197,586197,586197,0,0,0,0
Bolivia,2019,576496,576496,576496,576496,576496,0,0,0,0
Bolivia,2020,566676,566676,566676,566676,566676,0,0,0,0
Bolivia,2021,556747,556747,556747,556747,556747,0,0,0,0
Bolivia,2022,546730,546730,546730,546730,546730,0,0,0,0
Bolivia,2023,515829,523805,536156,533054,511446,-7976,12351,9249,-12359
Bolivia,2024,487249,501639,525739,519627,479091,-14390,24100,17988,-22548
Bolivia,2025,460027,481387,516216,507292,449067,-21360,34829,25905,-32320
Bolivia,2026,430907,459172,506286,493007,415381,-28265,47114,33835,-43791
Bolivia,2027,404020,438835,496697,479353,385045,-34815,57862,40518,-53790
Bolivia,2028,379209,419393,487327,466306,357403,-40184,67934,46913,-61990
Bolivia,2029,356255,401069,478549,453761,332155,-44814,77480,52692,-68914
Bolivia,2030,335047,383805,469901,441707,309209,-48758,86096,57902,-74596
Bolivia,2031,313953,366182,460616,428187,287269,-52229,94434,62005,-78913
Bosnia and Herzegovina,2015,1725,1725,1725,1725,1725,0,0,0,0
Bosnia and Herzegovina,2016,1599,1599,1599,1599,1599,0,0,0,0
Bosnia and Herzegovina,2017,1416,1416,1416,1416,1416,0,0,0,0
Bosnia and Herzegovina,2018,1229,1229,1229,1229,1229,0,0,0,0
Bosnia and Herzegovina,2019,1287,1287,1287,1287,1287,0,0,0,0
Bosnia and Herzegovina,2020,1169,1169,1169,1169,1169,0,0,0,0
Bosnia and Herzegovina,2021,936,936,936,936,936,0,0,0,0
Bosnia and Herzegovina,2022,860,860,860,860,860,0,0,0,0
Bosnia and Herzegovina,2023,768,774,778,773,764,-6,4,-1,-10
Bosnia and Herzegovina,2024,914,923,931,921,906,-9,8,-2,-17
Bosnia and Herzegovina,2025,842,855,865,852,831,-13,10,-3,-24
Bosnia and Herzegovina,2026,784,801,815,797,769,-17,14,-4,-32
Bosnia and Herzegovina,2027,703,738,766,733,898,-35,28,-5,160
Bosnia and Herzegovina,2028,845,886,693,878,813,-41,-193,-8,-73
Bosnia and Herzegovina,2029,772,815,850,806,738,-43,35,-9,-77
Bosnia and Herzegovina,2030,706,752,788,742,678,-46,36,-10,-74
Bosnia and Herzegovina,2031,675,699,737,689,675,-24,38,-10,-24
Botswana,2015,410150,410150,410150,410150,410150,0,0,0,0
Botswana,2016,412223,412223,412223,412223,412223,0,0,0,0
Botswana,2017,407087,407087,407087,407087,407087,0,0,0,0
Botswana,2018,400644,400644,400644,400644,400644,0,0,0,0
Botswana,2019,392909,392909,392909,392909,392909,0,0,0,0
Botswana,2020,384693,384693,384693,384693,384693,0,0,0,0
Botswana,2021,377100,377100,377100,377100,377100,0,0,0,0
Botswana,2022,369158,369158,369158,369158,369158,0,0,0,0
Botswana,2023,347890,350861,350890,349723,347250,-2971,29,-1138,-3611
Botswana,2024,326686,332549,332697,330414,325375,-5863,148,-2135,-7174
Botswana,2025,305539,314227,314587,311238,303516,-8688,360,-2989,-10711
Botswana,2026,284356,297179,299177,293447,280676,-12823,1998,-3732,-16503
Botswana,2027,263193,280073,283784,275758,257841,-16880,3711,-4315,-22232
Botswana,2028,241919,262866,268383,258195,234711,-20947,5517,-4671,-28155
Botswana,2029,220492,245502,252940,240520,211295,-25010,7438,-4982,-34207
Botswana,2030,198541,227957,237409,222872,187178,-29416,9452,-5085,-40779
Botswana,2031,177711,211513,223692,206552,163151,-33802,12179,-4961,-48362
Brazil,2015,7722831,7722831,7722831,7722831,7722831,0,0,0,0
Brazil,2016,8589037,8589037,8589037,8589037,8589037,0,0,0,0
Brazil,2017,8777365,8777365,8777365,8777365,8777365,0,0,0,0
Brazil,2018,8661467,8661467,8661467,8661467,8661467,0,0,0,0
Brazil,2019,8501430,8501430,8501430,8501430,8501430,0,0,0,0
Brazil,2020,8328152,8328152,8328152,8328152,8328152,0,0,0,0
Brazil,2021,8150297,8150297,8150297,8150297,8150297,0,0,0,0
Brazil,2022,7971050,7971050,7971050,7971050,7971050,0,0,0,0
Brazil,2023,7812765,7882863,7956150,7873071,7783358,-70098,73287,-9792,-99505
Brazil,2024,7656911,7795283,7941148,7775937,7599165,-138372,145865,-19346,-196118
Brazil,2025,7503487,7708317,7926048,7679655,7418459,-204830,217731,-28662,-289858
Brazil,2026,7332852,7622633,7935235,7577780,7205556,-289781,312602,-44853,-417077
Brazil,2027,7165430,7537615,7944387,7476966,6997805,-372185,406772,-60649,-539810
Brazil,2028,7001199,7453269,7953504,7377212,6795153,-452070,500235,-76057,-658116
Brazil,2029,6840138,7369597,7962586,7278517,6597544,-529459,592989,-91080,-772053
Brazil,2030,6682224,7286605,7971635,7180879,6404923,-604381,685030,-105726,-881682
Brazil,2031,6500776,7195261,7980048,7072943,6185579,-694485,784787,-122318,-1009682
Brunei,2015,88,88,88,88,88,0,0,0,0
Brunei,2016,87,87,87,87,87,0,0,0,0
Brunei,2017,86,86,86,86,86,0,0,0,0
Brunei,2018,84,84,84,84,84,0,0,0,0
Brunei,2019,80,80,80,80,80,0,0,0,0
Brunei,2020,76,76,76,76,76,0,0,0,0
Brunei,2021,71,71,71,71,71,0,0,0,0
Brunei,2022,69,69,69,69,69,0,0,0,0
Brunei,2023,67,67,67,67,67,0,0,0,0
Brunei,2024,65,66,66,65,65,-1,0,-1,-1
Brunei,2025,63,64,64,63,64,-1,0,-1,0
Brunei,2026,62,63,62,62,62,-1,-1,-1,-1
Brunei,2027,60,61,61,60,60,-1,0,-1,-1
Brunei,2028,58,60,59,58,58,-2,-1,-2,-2
Brunei,2029,56,58,58,56,57,-2,0,-2,-1
Brunei,2030,55,57,56,55,55,-2,-1,-2,-2
Brunei,2031,53,55,55,53,53,-2,0,-2,-2
Bulgaria,2015,103377,103377,103377,103377,103377,0,0,0,0
Bulgaria,2016,97868,97868,97868,97868,97868,0,0,0,0
Bulgaria,2017,93331,93331,93331,93331,93331,0,0,0,0
Bulgaria,2018,89284,89284,89284,89284,89284,0,0,0,0
Bulgaria,2019,85662,85662,85662,85662,85662,0,0,0,0
Bulgaria,2020,82161,82161,82161,82161,82161,0,0,0,0
Bulgaria,2021,78944,78944,78944,78944,78944,0,0,0,0
Bulgaria,2022,75908,75908,75908,75908,75908,0,0,0,0
Bulgaria,2023,73534,73735,73906,73692,73450,-201,171,-43,-285
Bulgaria,2024,71288,71670,71994,71584,71132,-382,324,-86,-538
Bulgaria,2025,69162,69706,70168,69578,68946,-544,462,-128,-760
Bulgaria,2026,67293,68062,68679,67851,67018,-769,617,-211,-1044
Bulgaria,2027,65514,66487,67245,66196,65190,-973,758,-291,-1297
Bulgaria,2028,63818,64976,65863,64609,63456,-1158,887,-367,-1520
Bulgaria,2029,62202,63527,64529,63087,61808,-1325,1002,-440,-1719
Bulgaria,2030,60660,62137,63243,61625,60243,-1477,1106,-512,-1894
Bulgaria,2031,59329,60941,62160,60354,58905,-1612,1219,-587,-2036
Burkina Faso,2015,6623829,6623829,6623829,6623829,6623829,0,0,0,0
Burkina Faso,2016,6516706,6516706,6516706,6516706,6516706,0,0,0,0
Burkina Faso,2017,6310899,6310899,6310899,6310899,6310899,0,0,0,0
Burkina Faso,2018,6057733,6057733,6057733,6057733,6057733,0,0,0,0
Burkina Faso,2019,5771096,5771096,5771096,5771096,5771096,0,0,0,0
Burkina Faso,2020,5457487,5457487,5457487,5457487,5457487,0,0,0,0
Burkina Faso,2021,5135022,5135022,5135022,5135022,5135022,0,0,0,0
Burkina Faso,2022,4831244,4831244,4831244,4831244,4831244,0,0,0,0
Burkina Faso,2023,4325661,4451895,4718768,4737946,4259153,-126234,266873,286051,-192742
Burkina Faso,2024,3819410,4065232,4598996,4638226,3690222,-245822,533764,572994,-375010
Burkina Faso,2025,3314406,3673173,4471891,4532020,3127505,-358767,798718,858847,-545668
Burkina Faso,2026,2724349,3214331,4304574,4345014,2449777,-489982,1090243,1130683,-764554
Burkina Faso,2027,2158195,2760459,4129629,4150355,1814499,-602264,1369170,1389896,-945960
Burkina Faso,2028,1627331,2314752,3945606,3946623,1241261,-687421,1630854,1631871,-1073491
Burkina Faso,2029,1147705,1883617,3755895,3737291,757778,-735912,1872278,1853674,-1125839
Burkina Faso,2030,737166,1475079,3559265,3521243,396851,-737913,2084186,2046164,-1078228
Burkina Faso,2031,408628,1090409,3316912,3232991,165282,-681781,2226503,2142582,-925127
Burundi,2015,8301965,8301965,8301965,8301965,8301965,0,0,0,0
Burundi,2016,8842022,8842022,8842022,8842022,8842022,0,0,0,0
Burundi,2017,9330577,9330577,9330577,9330577,9330577,0,0,0,0
Burundi,2018,9818576,9818576,9818576,9818576,9818576,0,0,0,0
Burundi,2019,10295192,10295192,10295192,10295192,10295192,0,0,0,0
Burundi,2020,10768583,10768583,10768583,10768583,10768583,0,0,0,0
Burundi,2021,11242528,11242528,11242528,11242528,11242528,0,0,0,0
Burundi,2022,11717637,11717637,11717637,11717637,11717637,0,0,0,0
Burundi,2023,11827321,11860443,11873589,11911285,11850187,-33122,13146,50842,-10256
Burundi,2024,11932959,12001406,12029541,12106290,11978375,-68447,28135,104884,-23031
Burundi,2025,12034226,12140282,12185443,12302626,12101797,-106056,45161,162344,-38485
Burundi,2026,12055287,12228081,12317602,12467710,12121170,-172794,89521,239629,-106911
Burundi,2027,12068158,12311923,12449539,12633364,12129146,-243765,137616,321441,-182777
Burundi,2028,12072587,12391617,12581193,12799530,12125338,-319030,189576,407913,-266279
Burundi,2029,12068342,12466980,12712503,12966148,12109478,-398638,245523,499168,-357502
Burundi,2030,12055287,12537829,12843407,13133158,12081121,-482542,305578,595329,-456708
Burundi,2031,11991150,12582242,12969003,13290671,11985811,-591092,386761,708429,-596431
Cambodia,2015,81357,81357,81357,81357,81357,0,0,0,0
Cambodia,2016,36290,36290,36290,36290,36290,0,0,0,0
Cambodia,2017,16076,16076,16076,16076,16076,0,0,0,0
Cambodia,2018,7863,7863,7863,7863,7863,0,0,0,0
Cambodia,2019,3320,3320,3320,3320,3320,0,0,0,0
Cambodia,2020,2459,2459,2459,2459,2459,0,0,0,0
Cambodia,2021,1573,1573,1573,1573,1573,0,0,0,0
Cambodia,2022,540,540,540,540,540,0,0,0,0
Cambodia,2023,271,272,273,271,271,-1,1,-1,-1
Cambodia,2024,136,137,138,136,136,-1,1,-1,-1
Cambodia,2025,69,69,70,68,68,0,1,-1,-1
Cambodia,2026,34,35,71,34,34,-1,36,-1,-1
Cambodia,2027,17,35,36,34,17,-18,1,-1,-18
Cambodia,2028,17,18,36,17,8,-1,18,-1,-10
Cambodia,2029,9,18,18,17,9,-9,0,-1,-9
Cambodia,2030,4,9,18,9,4,-5,9,0,-5
Cambodia,2031,4,9,9,9,2,-5,0,0,-7
Cameroon,2015,5452436,5452436,5452436,5452436,5452436,0,0,0,0
Cameroon,2016,5447880,5447880,5447880,5447880,5447880,0,0,0,0
Cameroon,2017,5494011,5494011,5494011,5494011,5494011,0,0,0,0
Cameroon,2018,5491025,5491025,5491025,5491025,5491025,0,0,0,0
Cameroon,2019,5441976,5441976,5441976,5441976,5441976,0,0,0,0
Cameroon,2020,5377331,5377331,5377331,5377331,5377331,0,0,0,0
Cameroon,2021,5286443,5286443,5286443,5286443,5286443,0,0,0,0
Cameroon,2022,5186477,5186477,5186477,5186477,5186477,0,0,0,0
Cameroon,2023,4932099,4986935,5067781,5072011,4907678,-54836,80846,85076,-79257
Cameroon,2024,4678702,4786599,4946780,4955225,4630582,-107897,160181,168626,-156017
Cameroon,2025,4425999,4585218,4823407,4836060,4354955,-159219,238189,250842,-230263
Cameroon,2026,4130377,4363250,4697793,4710439,4020019,-232873,334543,347189,-343231
Cameroon,2027,3839642,4141253,4570067,4582699,3691624,-301611,428814,441446,-449629
Cameroon,2028,3550030,3920988,4440186,4452797,3365879,-370958,519198,531809,-555109
Cameroon,2029,3263053,3698709,4310004,4322587,3044134,-435656,611295,623878,-654575
Cameroon,2030,2978382,3476102,4175690,4188238,2725754,-497720,699588,712136,-750348
Cameroon,2031,2680872,3247079,4039878,4052482,2388902,-566207,792799,805403,-858177
Canada,2015,100154,100154,100154,100154,100154,0,0,0,0
Canada,2016,100951,100951,100951,100951,100951,0,0,0,0
Canada,2017,101537,101537,101537,101537,101537,0,0,0,0
Canada,2018,102085,102085,102085,102085,102085,0,0,0,0
Canada,2019,102639,102639,102639,102639,102639,0,0,0,0
Canada,2020,103174,103174,103174,103174,103174,0,0,0,0
Canada,2021,103674,103674,103674,103674,103674,0,0,0,0
Canada,2022,104139,104139,104139,104139,104139,0,0,0,0
Canada,2023,104930,104845,104191,104672,105508,85,-654,-173,663
Canada,2024,105729,105558,104246,105212,106897,171,-1312,-346,1339
Canada,2025,106537,106279,104306,105757,108306,258,-1973,-522,2027
Canada,2026,107249,106887,104130,106136,109601,362,-2757,-751,2714
Canada,2027,107956,107486,103953,106510,110914,470,-3533,-976,3428
Canada,2028,108667,108091,103780,106889,112230,576,-4311,-1202,4139
Canada,2029,109385,108703,103613,107273,113564,682,-5090,-1430,4861
Canada,2030,110111,109321,103450,107663,114916,790,-5871,-1658,5595
Canada,2031,110731,109830,103100,107940,116112,901,-6730,-1890,6282
Cape Verde,2015,98962,98962,98962,98962,98962,0,0,0,0
Cape Verde,2016,95373,95373,95373,95373,95373,0,0,0,0
Cape Verde,2017,91797,91797,91797,91797,91797,0,0,0,0
Cape Verde,2018,88056,88056,88056,88056,88056,0,0,0,0
Cape Verde,2019,84227,84227,84227,84227,84227,0,0,0,0
Cape Verde,2020,80377,80377,80377,80377,80377,0,0,0,0
Cape Verde,2021,76278,76278,76278,76278,76278,0,0,0,0
Cape Verde,2022,72138,72138,72138,72138,72138,0,0,0,0
Cape Verde,2023,68599,69717,71372,69571,67461,-1118,1655,-146,-2256
Cape Verde,2024,65109,67307,70590,67025,62906,-2198,3283,-282,-4401
Cape Verde,2025,61671,64908,69791,64500,58471,-3237,4883,-408,-6437
Cape Verde,2026,58027,62561,69249,61907,53749,-4534,6688,-654,-8812
Cape Verde,2027,54452,60230,68694,59345,49181,-5778,8464,-885,-11049
Cape Verde,2028,50948,57915,68126,56811,44763,-6967,10211,-1104,-13152
Cape Verde,2029,47509,55614,67545,54313,40507,-8105,11931,-1301,-15107
Cape Verde,2030,44151,53331,66951,51844,36400,-9180,13620,-1487,-16931
Cape Verde,2031,40694,50890,66216,49291,32249,-10196,15326,-1599,-18641
Central African Republic,2015,3907661,3907661,3907661,3907661,3907661,0,0,0,0
Central African Republic,2016,3948570,3948570,3948570,3948570,3948570,0,0,0,0
Central African Republic,2017,3985430,3985430,3985430,3985430,3985430,0,0,0,0
Central African Republic,2018,4016220,4016220,4016220,4016220,4016220,0,0,0,0
Central African Republic,2019,4041180,4041180,4041180,4041180,4041180,0,0,0,0
Central African Republic,2020,4058659,4058659,4058659,4058659,4058659,0,0,0,0
Central African Republic,2021,4069007,4069007,4069007,4069007,4069007,0,0,0,0
Central African Republic,2022,4074797,4074797,4074797,4074797,4074797,0,0,0,0
Central African Republic,2023,4185755,4197599,4207269,4208024,4188834,-11844,9670,10425,-8765
Central African Republic,2024,4297905,4322101,4341999,4343528,4304043,-24196,19898,21427,-18058
Central African Republic,2025,4411040,4448095,4478787,4481110,4420206,-37055,30692,33015,-27889
Central African Republic,2026,4512173,4564712,4605642,4608771,4526230,-52539,40930,44059,-38482
Central African Republic,2027,4613831,4682457,4734223,4738162,4632669,-68626,51766,55705,-49788
Central African Republic,2028,4715976,4801295,4864505,4869260,4739472,-85319,63210,67965,-61823
Central African Republic,2029,4818570,4921189,4996467,5002041,4846591,-102619,75278,80852,-74598
Central African Republic,2030,4921578,5042109,5130088,5136482,4953981,-120531,87979,94373,-88128
Central African Republic,2031,5015074,5150975,5248911,5255611,5052493,-135901,97936,104636,-98482
Chad,2015,5104825,5104825,5104825,5104825,5104825,0,0,0,0
Chad,2016,5906234,5906234,5906234,5906234,5906234,0,0,0,0
Chad,2017,6292661,6292661,6292661,6292661,6292661,0,0,0,0
Chad,2018,6548026,6548026,6548026,6548026,6548026,0,0,0,0
Chad,2019,6761770,6761770,6761770,6761770,6761770,0,0,0,0
Chad,2020,6938959,6938959,6938959,6938959,6938959,0,0,0,0
Chad,2021,7103181,7103181,7103181,7103181,7103181,0,0,0,0
Chad,2022,7233170,7233170,7233170,7233170,7233170,0,0,0,0
Chad,2023,7290911,7366959,7429762,7415490,7264009,-76048,62803,48531,-102950
Chad,2024,7348403,7503084,7631695,7602405,7293912,-154681,128611,99321,-209172
Chad,2025,7405631,7641584,7839114,7794029,7322864,-235953,197530,152445,-318720
Chad,2026,7393595,7731922,8027184,7961611,7269018,-338327,295262,229689,-462904
Chad,2027,7379979,7822853,8219758,8132752,7213116,-442874,396905,309899,-609737
Chad,2028,7364784,7914371,8416944,8307528,7155223,-549587,502573,393157,-759148
Chad,2029,7348025,8006471,8618851,8486013,7095386,-658446,612380,479542,-911085
Chad,2030,7329732,8099146,8825593,8668287,7033591,-769414,726447,569141,-1065555
Chad,2031,7264413,8144215,8999137,8817209,6919016,-879802,854922,672994,-1225199
Chile,2015,9332,9332,9332,9332,9332,0,0,0,0
Chile,2016,9080,9080,9080,9080,9080,0,0,0,0
Chile,2017,8758,8758,8758,8758,8758,0,0,0,0
Chile,2018,7720,7720,7720,7720,7720,0,0,0,0
Chile,2019,7679,7679,7679,7679,7679,0,0,0,0
Chile,2020,5861,5861,5861,5861,5861,0,0,0,0
Chile,2021,5914,5914,5914,5914,5914,0,0,0,0
Chile,2022,4795,4795,4795,4795,4795,0,0,0,0
Chile,2023,5177,5370,4833,4820,5082,-193,-537,-550,-288
Chile,2024,3603,4801,4875,4788,3605,-1198,74,-13,-1196
Chile,2025,3621,3638,3655,3624,3623,-17,17,-14,-15
Chile,2026,3633,3657,3680,3637,3636,-24,23,-20,-21
Chile,2027,2449,3676,3706,3649,2452,-1227,30,-27,-1224
Chile,2028,2458,2483,3732,3662,2432,-25,1249,1179,-51
Chile,2029,2437,2496,3758,2469,2440,-59,1262,-27,-56
Chile,2030,2445,2479,3784,2477,2449,-34,1305,-2,-30
Chile,2031,2450,2489,2557,2453,1242,-39,68,-36,-1247
China,2015,12965505,12965505,12965505,12965505,12965505,0,0,0,0
China,2016,9820418,9820418,9820418,9820418,9820418,0,0,0,0
China,2017,7511705,7511705,7511705,7511705,7511705,0,0,0,0
China,2018,5934586,5934586,5934586,5934586,5934586,0,0,0,0
China,2019,4730299,4730299,4730299,4730299,4730299,0,0,0,0
China,2020,3865715,3865715,3865715,3865715,3865715,0,0,0,0
China,2021,3171533,3171533,3171533,3171533,3171533,0,0,0,0
China,2022,2658810,2658810,2658810,2658810,2658810,0,0,0,0
China,2023,2182442,2210541,2241012,2215889,2165093,-28099,30471,5348,-45448
China,2024,1825470,1875856,1923005,1883536,1792822,-50386,47149,7680,-83034
China,2025,1561911,1632102,1659010,1643613,1514722,-70191,26908,11511,-117380
China,2026,1375443,1470790,1551781,1482250,1354507,-95347,80991,11460,-116283
China,2027,1205730,1318163,1370629,1325529,1167371,-112433,52466,7366,-150792
China,2028,1066361,1171746,1264363,1176507,997028,-105385,92617,4761,-174718
China,2029,1008236,1031700,1136887,1036892,942427,-23464,105187,5192,-89273
China,2030,889978,996435,1012545,998757,814723,-106457,16110,2322,-181712
China,2031,831815,905768,1005412,905632,741635,-73953,99644,-136,-164133
Colombia,2015,3131601,3131601,3131601,3131601,3131601,0,0,0,0
Colombia,2016,3090944,3090944,3090944,3090944,3090944,0,0,0,0
Colombia,2017,3026653,3026653,3026653,3026653,3026653,0,0,0,0
Colombia,2018,2914192,2914192,2914192,2914192,2914192,0,0,0,0
Colombia,2019,2769569,2769569,2769569,2769569,2769569,0,0,0,0
Colombia,2020,2625810,2625810,2625810,2625810,2625810,0,0,0,0
Colombia,2021,2479299,2479299,2479299,2479299,2479299,0,0,0,0
Colombia,2022,2333863,2333863,2333863,2333863,2333863,0,0,0,0
Colombia,2023,2219129,2248222,2283106,2254544,2204774,-29093,34884,6322,-43448
Colombia,2024,2106597,2163388,2232170,2175975,2078652,-56791,68782,12587,-84736
Colombia,2025,1996312,2079399,2181070,2098184,1955954,-83087,101671,18785,-123445
Colombia,2026,1872681,1989173,2133872,2012485,1813323,-116492,144699,23312,-175850
Colombia,2027,1752604,1899846,2086561,1928212,1676159,-147242,186715,28366,-223687
Colombia,2028,1636241,1812218,2038338,1845284,1544228,-175977,226120,33066,-267990
Colombia,2029,1523659,1726138,1991795,1763831,1417621,-202479,265657,37693,-308517
Colombia,2030,1414931,1641663,1944328,1683888,1296434,-226732,302665,42225,-345229
Colombia,2031,1305207,1553990,1895912,1600631,1173898,-248783,341922,46641,-380092
Comoros,2015,125773,125773,125773,125773,125773,0,0,0,0
Comoros,2016,129293,129293,129293,129293,129293,0,0,0,0
Comoros,2017,129706,129706,129706,129706,129706,0,0,0,0
Comoros,2018,128098,128098,128098,128098,128098,0,0,0,0
Comoros,2019,126274,126274,126274,126274,126274,0,0,0,0
Comoros,2020,124241,124241,124241,124241,124241,0,0,0,0
Comoros,2021,121997,121997,121997,121997,121997,0,0,0,0
Comoros,2022,119484,119484,119484,119484,119484,0,0,0,0
Comoros,2023,112457,115565,119795,119160,111267,-3108,4230,3595,-4298
Comoros,2024,105524,111613,120077,118794,103214,-6089,8464,7181,-8399
Comoros,2025,98694,107634,120329,118387,95341,-8940,12695,10753,-12293
Comoros,2026,90759,102906,120539,117790,85941,-12147,17633,14884,-16965
Comoros,2027,83045,98181,120720,117150,76895,-15136,22539,18969,-21286
Comoros,2028,75558,93463,120870,116466,68286,-17905,27407,23003,-25177
Comoros,2029,68371,88775,120988,115738,60083,-20404,32213,26963,-28692
Comoros,2030,61419,84084,121074,114965,52318,-22665,36990,30881,-31766
Comoros,2031,54389,79285,120987,114086,44537,-24896,41702,34801,-34748
Congo,2015,2045211,2045211,2045211,2045211,2045211,0,0,0,0
Congo,2016,2209903,2209903,2209903,2209903,2209903,0,0,0,0
Congo,2017,2312438,2312438,2312438,2312438,2312438,0,0,0,0
Congo,2018,2245039,2245039,2245039,2245039,2245039,0,0,0,0
Congo,2019,2330401,2330401,2330401,2330401,2330401,0,0,0,0
Congo,2020,2385183,2385183,2385183,2385183,2385183,0,0,0,0
Congo,2021,2452664,2452664,2452664,2452664,2452664,0,0,0,0
Congo,2022,2526029,2526029,2526029,2526029,2526029,0,0,0,0
Congo,2023,2511161,2527439,2544461,2550450,2511729,-16278,17022,23011,-15710
Congo,2024,2495451,2528252,2562705,2574836,2496509,-32801,34453,46584,-31743
Congo,2025,2478894,2528445,2580734,2599163,2480365,-49551,52289,70718,-48080
Congo,2026,2458495,2530671,2605150,2628075,2456620,-72176,74479,97404,-74051
Congo,2027,2437380,2532431,2629612,2657144,2432049,-95051,97181,124713,-100382
Congo,2028,2415592,2533704,2654118,2686368,2406695,-118112,120414,152664,-127009
Congo,2029,2393145,2534511,2678663,2715745,2380958,-141366,144152,181234,-153553
Congo,2030,2370436,2534850,2703227,2745270,2354106,-164414,168377,210420,-180744
Congo,2031,2348261,2536937,2729797,2775841,2326431,-188676,192860,238904,-210506
Costa Rica,2015,0,0,0,0,0,0,0,0,0
Costa Rica,2016,0,0,0,0,0,0,0,0,0
Costa Rica,2017,0,0,0,0,0,0,0,0,0
Costa Rica,2018,0,0,0,0,0,0,0,0,0
Costa Rica,2019,0,0,0,0,0,0,0,0,0
Costa Rica,2020,0,0,0,0,0,0,0,0,0
Costa Rica,2021,0,0,0,0,0,0,0,0,0
Costa Rica,2022,0,0,0,0,0,0,0,0,0
Costa Rica,2023,0,0,0,0,0,0,0,0,0
Costa Rica,2024,0,0,0,0,0,0,0,0,0
Costa Rica,2025,0,0,0,0,0,0,0,0,0
Costa Rica,2026,0,0,0,0,0,0,0,0,0
Costa Rica,2027,0,0,0,0,0,0,0,0,0
Costa Rica,2028,0,0,0,0,0,0,0,0,0
Costa Rica,2029,0,0,0,0,0,0,0,0,0
Costa Rica,2030,0,0,0,0,0,0,0,0,0
Costa Rica,2031,0,0,0,0,0,0,0,0,0
Cote d'Ivoire,2015,6630338,6630338,6630338,6630338,6630338,0,0,0,0
Cote d'Ivoire,2016,6290324,6290324,6290324,6290324,6290324,0,0,0,0
Cote d'Ivoire,2017,5952901,5952901,5952901,5952901,5952901,0,0,0,0
Cote d'Ivoire,2018,5638546,5638546,5638546,5638546,5638546,0,0,0,0
Cote d'Ivoire,2019,5345635,5345635,5345635,5345635,5345635,0,0,0,0
Cote d'Ivoire,2020,5068689,5068689,5068689,5068689,5068689,0,0,0,0
Cote d'Ivoire,2021,4813114,4813114,4813114,4813114,4813114,0,0,0,0
Cote d'Ivoire,2022,4567957,4567957,4567957,4567957,4567957,0,0,0,0
Cote d'Ivoire,2023,4077690,4167864,4321634,4311730,4027909,-90174,153770,143866,-139955
Cote d'Ivoire,2024,3614353,3784104,4078964,4060122,3522079,-169751,294860,276018,-262025
Cote d'Ivoire,2025,3177503,3416003,3838844,3812023,3050037,-238500,422841,396020,-365966
Cote d'Ivoire,2026,2727114,3044589,3607046,3569142,2559895,-317475,562457,524553,-484694
Cote d'Ivoire,2027,2315003,2694412,3378954,3331127,2117231,-379409,684542,636715,-577181
Cote d'Ivoire,2028,1938519,2363638,3155104,3098516,1722865,-425119,791466,734878,-640773
Cote d'Ivoire,2029,1601343,2056822,2936063,2872410,1377522,-455479,879241,815588,-679300
Cote d'Ivoire,2030,1303266,1774258,2721621,2651461,1081354,-470992,947363,877203,-692904
Cote d'Ivoire,2031,1041454,1512699,2519039,2442325,828628,-471245,1006340,929626,-684071
Croatia,2015,29735,29735,29735,29735,29735,0,0,0,0
Croatia,2016,28185,28185,28185,28185,28185,0,0,0,0
Croatia,2017,26757,26757,26757,26757,26757,0,0,0,0
Croatia,2018,25595,25595,25595,25595,25595,0,0,0,0
Croatia,2019,24491,24491,24491,24491,24491,0,0,0,0
Croatia,2020,23453,23453,23453,23453,23453,0,0,0,0
Croatia,2021,22725,22725,22725,22725,22725,0,0,0,0
Croatia,2022,21824,21824,21824,21824,21824,0,0,0,0
Croatia,2023,21487,21518,21509,21461,21516,-31,-9,-57,-2
Croatia,2024,21161,21221,21204,21110,21218,-60,-17,-111,-3
Croatia,2025,20846,20934,20909,20772,20931,-88,-25,-162,-3
Croatia,2026,20445,20490,20465,20385,20512,-45,-25,-105,22
Croatia,2027,20231,20392,20361,20103,20372,-161,-31,-289,-20
Croatia,2028,19930,20126,20092,19777,20098,-196,-34,-349,-28
Croatia,2029,19636,19866,19828,19458,19830,-230,-38,-408,-36
Croatia,2030,19349,19610,19570,19147,19568,-261,-40,-463,-42
Croatia,2031,19065,19356,19307,18835,19312,-291,-49,-521,-44
Cuba,2015,241289,241289,241289,241289,241289,0,0,0,0
Cuba,2016,220748,220748,220748,220748,220748,0,0,0,0
Cuba,2017,201847,201847,201847,201847,201847,0,0,0,0
Cuba,2018,184529,184529,184529,184529,184529,0,0,0,0
Cuba,2019,168748,168748,168748,168748,168748,0,0,0,0
Cuba,2020,154420,154420,154420,154420,154420,0,0,0,0
Cuba,2021,141414,141414,141414,141414,141414,0,0,0,0
Cuba,2022,129584,129584,129584,129584,129584,0,0,0,0
Cuba,2023,119926,120494,121505,120658,119156,-568,1011,164,-1338
Cuba,2024,111031,112079,113957,112380,109620,-1048,1878,301,-2459
Cuba,2025,102837,104285,106904,104700,100895,-1448,2619,415,-3390
Cuba,2026,95202,97206,100582,97631,92672,-2004,3376,425,-4534
Cuba,2027,88168,90632,94652,91063,85162,-2464,4020,431,-5470
Cuba,2028,81684,84527,89088,84959,78299,-2843,4561,432,-6228
Cuba,2029,75706,78856,83868,79283,72024,-3150,5012,427,-6832
Cuba,2030,70192,73585,78968,74006,66284,-3393,5383,421,-7301
Cuba,2031,65069,68672,74392,69068,60981,-3603,5720,396,-7691
Cyprus,2015,583,583,583,583,583,0,0,0,0
Cyprus,2016,588,588,588,588,588,0,0,0,0
Cyprus,2017,594,594,594,594,594,0,0,0,0
Cyprus,2018,588,588,588,588,588,0,0,0,0
Cyprus,2019,585,585,585,585,585,0,0,0,0
Cyprus,2020,581,581,581,581,581,0,0,0,0
Cyprus,2021,576,576,576,576,576,0,0,0,0
Cyprus,2022,570,570,570,570,570,0,0,0,0
Cyprus,2023,577,579,576,577,581,-2,-3,-2,2
Cyprus,2024,584,587,582,584,592,-3,-5,-3,5
Cyprus,2025,592,596,589,591,603,-4,-7,-5,7
Cyprus,2026,597,604,594,596,612,-7,-10,-8,8
Cyprus,2027,602,611,599,602,621,-9,-12,-9,10
Cyprus,2028,608,619,604,607,630,-11,-15,-12,11
Cyprus,2029,613,627,610,612,639,-14,-17,-15,12
Cyprus,2030,619,635,615,618,648,-16,-20,-17,13
Cyprus,2031,623,641,619,622,655,-18,-22,-19,14
Czech Republic,2015,21410,21410,21410,21410,21410,0,0,0,0
Czech Republic,2016,21136,21136,21136,21136,21136,0,0,0,0
Czech Republic,2017,20831,20831,20831,20831,20831,0,0,0,0
Czech Republic,2018,20616,20616,20616,20616,20616,0,0,0,0
Czech Republic,2019,20259,20259,20259,20259,20259,0,0,0,0
Czech Republic,2020,20049,20049,20049,20049,20049,0,0,0,0
Czech Republic,2021,19831,19831,19831,19831,19831,0,0,0,0
Czech Republic,2022,19615,19615,19615,19615,19615,0,0,0,0
Czech Republic,2023,19563,19555,19459,19521,19629,8,-96,-34,74
Czech Republic,2024,19514,19498,19307,19429,19645,16,-191,-69,147
Czech Republic,2025,19466,19442,19158,19340,19663,24,-284,-102,221
Czech Republic,2026,19391,19362,18973,19218,19656,29,-389,-144,294
Czech Republic,2027,19319,19284,18793,19098,19652,35,-491,-186,368
Czech Republic,2028,19249,19208,18616,18982,19649,41,-592,-226,441
Czech Republic,2029,19181,19134,18443,18868,19649,47,-691,-266,515
Czech Republic,2030,19116,19063,18273,18758,19652,53,-790,-305,589
Czech Republic,2031,19034,18970,18082,18630,19634,64,-888,-340,664
Democratic Republic of Congo,2015,54533286,54533286,54533286,54533286,54533286,0,0,0,0
Democratic Republic of Congo,2016,56551540,56551540,56551540,56551540,56551540,0,0,0,0
Democratic Republic of Congo,2017,58477096,58477096,58477096,58477096,58477096,0,0,0,0
Democratic Republic of Congo,2018,60193410,60193410,60193410,60193410,60193410,0,0,0,0
Democratic Republic of Congo,2019,61802228,61802228,61802228,61802228,61802228,0,0,0,0
Democratic Republic of Congo,2020,63308613,63308613,63308613,63308613,63308613,0,0,0,0
Democratic Republic of Congo,2021,64600330,64600330,64600330,64600330,64600330,0,0,0,0
Democratic Republic of Congo,2022,65752280,65752280,65752280,65752280,65752280,0,0,0,0
Democratic Republic of Congo,2023,64697721,65239422,65702362,65710263,64553674,-541701,462940,470841,-685748
Democratic Republic of Congo,2024,63524484,64629073,65577512,65594697,63226247,-1104589,948439,965624,-1402826
Democratic Republic of Congo,2025,62239180,63923418,65377424,65405233,61778462,-1684238,1454006,1481815,-2144956
Democratic Republic of Congo,2026,60797979,63240684,65402991,65440791,60070102,-2442705,2162307,2200107,-3170582
Democratic Republic of Congo,2027,59276138,62489503,65381824,65430866,58273726,-3213365,2892321,2941363,-4215777
Democratic Republic of Congo,2028,57681298,61672512,65314007,65375517,56399857,-3991214,3641495,3703005,-5272655
Democratic Republic of Congo,2029,56021049,60792454,65199696,65274872,54458818,-4771405,4407242,4482418,-6333636
Democratic Republic of Congo,2030,54302839,59852152,65039115,65129121,52461796,-5549313,5186963,5276969,-7390356
Democratic Republic of Congo,2031,52691509,58997826,65005096,65129445,50547591,-6306317,6007270,6131619,-8450235
Denmark,2015,48576,48576,48576,48576,48576,0,0,0,0
Denmark,2016,48693,48693,48693,48693,48693,0,0,0,0
Denmark,2017,48773,48773,48773,48773,48773,0,0,0,0
Denmark,2018,48831,48831,48831,48831,48831,0,0,0,0
Denmark,2019,48884,48884,48884,48884,48884,0,0,0,0
Denmark,2020,48938,48938,48938,48938,48938,0,0,0,0
Denmark,2021,49005,49005,49005,49005,49005,0,0,0,0
Denmark,2022,49078,49078,49078,49078,49078,0,0,0,0
Denmark,2023,49275,49237,49020,49141,49439,38,-217,-96,202
Denmark,2024,49473,49398,48963,49205,49804,75,-435,-193,406
Denmark,2025,49674,49560,48908,49270,50171,114,-652,-290,611
Denmark,2026,49863,49715,48800,49290,50553,148,-915,-425,838
Denmark,2027,50054,49870,48694,49311,50939,184,-1176,-559,1069
Denmark,2028,50247,50027,48589,49334,51328,220,-1438,-693,1301
Denmark,2029,50441,50185,48485,49357,51721,256,-1700,-828,1536
Denmark,2030,50637,50344,48382,49382,52118,293,-1962,-962,1774
Denmark,2031,50807,50475,48240,49375,52487,332,-2235,-1100,2012
Djibouti,2015,172194,172194,172194,172194,172194,0,0,0,0
Djibouti,2016,160258,160258,160258,160258,160258,0,0,0,0
Djibouti,2017,147389,147389,147389,147389,147389,0,0,0,0
Djibouti,2018,135075,135075,135075,135075,135075,0,0,0,0
Djibouti,2019,123280,123280,123280,123280,123280,0,0,0,0
Djibouti,2020,114139,114139,114139,114139,114139,0,0,0,0
Djibouti,2021,105343,105343,105343,105343,105343,0,0,0,0
Djibouti,2022,96864,96864,96864,96864,96864,0,0,0,0
Djibouti,2023,88764,90096,91715,91652,87990,-1332,1619,1556,-2106
Djibouti,2024,81148,83659,86701,86537,79700,-2511,3042,2878,-3959
Djibouti,2025,73964,77499,81920,81687,71946,-3535,4421,4188,-5553
Djibouti,2026,65869,70825,77041,76503,63054,-4956,6216,5678,-7771
Djibouti,2027,58477,64640,72348,71554,55052,-6163,7708,6914,-9588
Djibouti,2028,51769,58853,67896,66838,47908,-7084,9043,7985,-10945
Djibouti,2029,45722,53486,63628,62354,41600,-7764,10142,8868,-11886
Djibouti,2030,40309,48529,59563,58101,36023,-8220,11034,9572,-12506
Djibouti,2031,35152,43695,55500,53812,30781,-8543,11805,10117,-12914
Dominican Republic,2015,78414,78414,78414,78414,78414,0,0,0,0
Dominican Republic,2016,36673,36673,36673,36673,36673,0,0,0,0
Dominican Republic,2017,18003,18003,18003,18003,18003,0,0,0,0
Dominican Republic,2018,8471,8471,8471,8471,8471,0,0,0,0
Dominican Republic,2019,3420,3420,3420,3420,3420,0,0,0,0
Dominican Republic,2020,1388,1388,1388,1388,1388,0,0,0,0
Dominican Republic,2021,701,701,701,701,701,0,0,0,0
Dominican Republic,2022,354,354,354,354,354,0,0,0,0
Dominican Republic,2023,178,178,179,178,89,0,1,0,-89
Dominican Republic,2024,90,90,91,90,45,0,1,0,-45
Dominican Republic,2025,45,45,92,45,22,0,47,0,-23
Dominican Republic,2026,23,23,47,45,11,0,24,22,-12
Dominican Republic,2027,11,23,24,23,6,-12,1,0,-17
Dominican Republic,2028,6,12,24,11,6,-6,12,-1,-6
Dominican Republic,2029,3,6,12,12,3,-3,6,6,-3
Dominican Republic,2030,1,6,12,6,1,-5,6,0,-5
Dominican Republic,2031,1,3,6,3,1,-2,3,0,-2
Ecuador,2015,609477,609477,609477,609477,609477,0,0,0,0
Ecuador,2016,678399,678399,678399,678399,678399,0,0,0,0
Ecuador,2017,744151,744151,744151,744151,744151,0,0,0,0
Ecuador,2018,787268,787268,787268,787268,787268,0,0,0,0
Ecuador,2019,812378,812378,812378,812378,812378,0,0,0,0
Ecuador,2020,826962,826962,826962,826962,826962,0,0,0,0
Ecuador,2021,834110,834110,834110,834110,834110,0,0,0,0
Ecuador,2022,840101,840101,840101,840101,840101,0,0,0,0
Ecuador,2023,808607,819423,838870,824744,802793,-10816,19447,5321,-16630
Ecuador,2024,778109,799140,837614,809595,766854,-21031,38474,10455,-32286
Ecuador,2025,748119,779187,836335,794657,732861,-31068,57148,15470,-46326
Ecuador,2026,716468,758043,837036,776958,692996,-41575,78993,18915,-65047
Ecuador,2027,684932,738610,837723,759380,655449,-53678,99113,20770,-83161
Ecuador,2028,655426,718641,838397,743339,619845,-63215,119756,24698,-98796
Ecuador,2029,626830,699296,839056,726574,586093,-72466,139760,27278,-113203
Ecuador,2030,599425,680466,839540,710232,554016,-81041,159074,29766,-126450
Ecuador,2031,572557,661875,840518,693243,522157,-89318,178643,31368,-139718
Egypt,2015,379410,379410,379410,379410,379410,0,0,0,0
Egypt,2016,361487,361487,361487,361487,361487,0,0,0,0
Egypt,2017,351869,351869,351869,351869,351869,0,0,0,0
Egypt,2018,332415,332415,332415,332415,332415,0,0,0,0
Egypt,2019,306914,306914,306914,306914,306914,0,0,0,0
Egypt,2020,280333,280333,280333,280333,280333,0,0,0,0
Egypt,2021,254822,254822,254822,254822,254822,0,0,0,0
Egypt,2022,235369,235369,235369,235369,235369,0,0,0,0
Egypt,2023,218377,221585,225395,221663,216794,-3208,3810,78,-4791
Egypt,2024,202134,207796,214650,207876,199397,-5662,6854,80,-8399
Egypt,2025,189173,196940,206521,197006,185480,-7767,9581,66,-11460
Egypt,2026,176230,186572,199584,186542,171309,-10342,13012,-30,-15263
Egypt,2027,163205,177124,193102,176980,156325,-13919,15978,-144,-20799
Egypt,2028,157511,166946,187039,167164,150053,-9435,20093,218,-16893
Egypt,2029,146853,157272,181281,157347,139098,-10419,24009,75,-18174
Egypt,2030,137651,155637,174327,155395,127075,-17986,18690,-242,-28562
Egypt,2031,126071,147809,168106,147512,122748,-21738,20297,-297,-25061
El Salvador,2015,215743,215743,215743,215743,215743,0,0,0,0
El Salvador,2016,205428,205428,205428,205428,205428,0,0,0,0
El Salvador,2017,196169,196169,196169,196169,196169,0,0,0,0
El Salvador,2018,187352,187352,187352,187352,187352,0,0,0,0
El Salvador,2019,179790,179790,179790,179790,179790,0,0,0,0
El Salvador,2020,172928,172928,172928,172928,172928,0,0,0,0
El Salvador,2021,166284,166284,166284,166284,166284,0,0,0,0
El Salvador,2022,160238,160238,160238,160238,160238,0,0,0,0
El Salvador,2023,150314,152716,157420,153572,147354,-2402,4704,856,-5362
El Salvador,2024,141031,145562,154656,147194,135547,-4531,9094,1632,-10015
El Salvador,2025,132355,138763,151946,141094,124740,-6408,13183,2331,-14023
El Salvador,2026,122874,131343,148981,134615,113140,-8469,17638,3272,-18203
El Salvador,2027,114123,124415,146081,128454,102680,-10292,21666,4039,-21735
El Salvador,2028,106061,117868,143245,122659,93289,-11807,25377,4791,-24579
El Salvador,2029,98638,111704,140473,117121,84862,-13066,28769,5417,-26842
El Salvador,2030,91805,105903,137765,111857,77301,-14098,31862,5954,-28602
El Salvador,2031,85076,100010,134734,106788,70005,-14934,34724,6778,-30005
Equatorial Guinea,2015,1310,1310,1310,1310,1310,0,0,0,0
Equatorial Guinea,2016,1446,1446,1446,1446,1446,0,0,0,0
Equatorial Guinea,2017,1531,1531,1531,1531,1531,0,0,0,0
Equatorial Guinea,2018,1623,1623,1623,1623,1623,0,0,0,0
Equatorial Guinea,2019,1706,1706,1706,1706,1706,0,0,0,0
Equatorial Guinea,2020,1779,1779,1779,1779,1779,0,0,0,0
Equatorial Guinea,2021,1834,1834,1834,1834,1834,0,0,0,0
Equatorial Guinea,2022,1887,1887,1887,1887,1887,0,0,0,0
Equatorial Guinea,2023,1908,1915,1915,1924,1915,-7,0,9,0
Equatorial Guinea,2024,1928,1942,1943,1961,1942,-14,1,19,0
Equatorial Guinea,2025,1949,1971,1972,1999,1971,-22,1,28,0
Equatorial Guinea,2026,1960,1990,1995,2030,1988,-30,5,40,-2
Equatorial Guinea,2027,1972,2009,2019,2062,2005,-37,10,53,-4
Equatorial Guinea,2028,1983,2028,2043,2094,2022,-45,15,66,-6
Equatorial Guinea,2029,1993,2047,2067,2126,2040,-54,20,79,-7
Equatorial Guinea,2030,2004,2066,2091,2159,2057,-62,25,93,-9
Equatorial Guinea,2031,2008,2078,2107,2182,2066,-70,29,104,-12
Eritrea,2015,2267043,2267043,2267043,2267043,2267043,0,0,0,0
Eritrea,2016,2222676,2222676,2222676,2222676,2222676,0,0,0,0
Eritrea,2017,2198020,2198020,2198020,2198020,2198020,0,0,0,0
Eritrea,2018,2161124,2161124,2161124,2161124,2161124,0,0,0,0
Eritrea,2019,2125376,2125376,2125376,2125376,2125376,0,0,0,0
Eritrea,2020,2081035,2081035,2081035,2081035,2081035,0,0,0,0
Eritrea,2021,2029845,2029845,2029845,2029845,2029845,0,0,0,0
Eritrea,2022,1976286,1976286,1976286,1976286,1976286,0,0,0,0
Eritrea,2023,1834504,1869267,1888629,1893586,1829178,-34763,19362,24319,-40089
Eritrea,2024,1703776,1768576,1805212,1814672,1693998,-64800,36636,46096,-74578
Eritrea,2025,1583178,1673811,1725815,1739359,1569709,-90633,52004,65548,-104102
Eritrea,2026,1462986,1587758,1662627,1678623,1439257,-124772,74869,90865,-148501
Eritrea,2027,1352679,1506508,1601933,1620179,1320583,-153829,95425,113671,-185925
Eritrea,2028,1251386,1429775,1543629,1563934,1212549,-178389,113854,134159,-217226
Eritrea,2029,1158321,1357290,1487613,1509801,1114132,-198969,130323,152511,-243158
Eritrea,2030,1072769,1288801,1433790,1457695,1024415,-216032,144989,168894,-264386
Eritrea,2031,994625,1230169,1391934,1418360,940654,-235544,161765,188191,-289515
Estonia,2015,8479,8479,8479,8479,8479,0,0,0,0
Estonia,2016,8339,8339,8339,8339,8339,0,0,0,0
Estonia,2017,8151,8151,8151,8151,8151,0,0,0,0
Estonia,2018,7954,7954,7954,7954,7954,0,0,0,0
Estonia,2019,7772,7772,7772,7772,7772,0,0,0,0
Estonia,2020,7591,7591,7591,7591,7591,0,0,0,0
Estonia,2021,7413,7413,7413,7413,7413,0,0,0,0
Estonia,2022,7224,7224,7224,7224,7224,0,0,0,0
Estonia,2023,7123,7120,7097,7108,7137,3,-23,-12,17
Estonia,2024,7026,7019,6974,6995,7053,7,-45,-24,34
Estonia,2025,7010,7000,6934,6965,7051,10,-66,-35,51
Estonia,2026,6922,6907,6813,6859,6980,15,-94,-48,73
Estonia,2027,6837,6818,6697,6757,6912,19,-121,-61,94
Estonia,2028,6755,6732,6584,6659,6846,23,-148,-73,114
Estonia,2029,6677,6649,6476,6564,6783,28,-173,-85,134
Estonia,2030,6601,6569,6372,6473,6722,32,-197,-96,153
Estonia,2031,6535,6496,6272,6389,6674,39,-224,-107,178
Ethiopia,2015,27228182,27228182,27228182,27228182,27228182,0,0,0,0
Ethiopia,2016,24506449,24506449,24506449,24506449,24506449,0,0,0,0
Ethiopia,2017,22092049,22092049,22092049,22092049,22092049,0,0,0,0
Ethiopia,2018,19730974,19730974,19730974,19730974,19730974,0,0,0,0
Ethiopia,2019,17460613,17460613,17460613,17460613,17460613,0,0,0,0
Ethiopia,2020,15351112,15351112,15351112,15351112,15351112,0,0,0,0
Ethiopia,2021,13432630,13432630,13432630,13432630,13432630,0,0,0,0
Ethiopia,2022,11640685,11640685,11640685,11640685,11640685,0,0,0,0
Ethiopia,2023,9623354,9925827,10308625,10297865,9439670,-302473,382798,372038,-486157
Ethiopia,2024,7904974,8423808,9094265,9074669,7598742,-518834,670457,650861,-825066
Ethiopia,2025,6466955,7118819,8006387,7980481,6090951,-651864,887568,861662,-1027868
Ethiopia,2026,5199949,5989205,7139971,7096399,4736284,-789256,1150766,1107194,-1252921
Ethiopia,2027,4187277,5035343,6362421,6305392,3695189,-848066,1327078,1270049,-1340154
Ethiopia,2028,3387607,4246463,5669834,5602852,2902342,-858856,1423371,1356389,-1344121
Ethiopia,2029,2762714,3590303,5053601,4980265,2310452,-827589,1463298,1389962,-1279851
Ethiopia,2030,2268187,3045431,4510268,4433014,1857123,-777244,1464837,1387583,-1188308
Ethiopia,2031,1846462,2582704,4041788,3967355,1483736,-736242,1459084,1384651,-1098968
Europe,2015,2825179,2825179,2825179,2825179,2825179,0,0,0,0
Europe,2016,2754505,2754505,2754505,2754505,2754505,0,0,0,0
Europe,2017,2686070,2686070,2686070,2686070,2686070,0,0,0,0
Europe,2018,2622251,2622251,2622251,2622251,2622251,0,0,0,0
Europe,2019,2559082,2559082,2559082,2559082,2559082,0,0,0,0
Europe,2020,2496863,2496863,2496863,2496863,2496863,0,0,0,0
Europe,2021,2435740,2435740,2435740,2435740,2435740,0,0,0,0
Europe,2022,2384680,2384680,2384680,2384680,2384680,0,0,0,0
Europe,2023,2354409,2354959,2349941,2351388,2359008,-550,-5018,-3571,4049
Europe,2024,2330323,2330774,2319791,2323740,2340551,-451,-10983,-7034,9777
Europe,2025,2309298,2309288,2291335,2299005,2325958,10,-17953,-10283,16670
Europe,2026,2291945,2291436,2264847,2276690,2317010,509,-26589,-14746,25574
Europe,2027,2278723,2276450,2242471,2258184,2312310,2273,-33979,-18266,35860
Europe,2028,2267505,2264260,2220580,2240609,2311121,3245,-43680,-23651,46861
Europe,2029,2258684,2252978,2199537,2224766,2310831,5706,-53441,-28212,57853
Europe,2030,2250593,2244020,2179800,2211573,2312965,6573,-64220,-32447,68945
Extreme fragility,2015,154468431,154468431,154468431,154468431,154468431,0,0,0,0
Extreme fragility,2016,158549032,158549032,158549032,158549032,158549032,0,0,0,0
Extreme fragility,2017,159438950,159438950,159438950,159438950,159438950,0,0,0,0
Extreme fragility,2018,158493877,158493877,158493877,158493877,158493877,0,0,0,0
Extreme fragility,2019,158173335,158173335,158173335,158173335,158173335,0,0,0,0
Extreme fragility,2020,157578782,157578782,157578782,157578782,157578782,0,0,0,0
Extreme fragility,2021,157083062,157083062,157083062,157083062,157083062,0,0,0,0
Extreme fragility,2022,156409085,156409085,156409085,156409085,156409085,0,0,0,0
Extreme fragility,2023,152996998,154534319,156190890,156114820,152385184,-1537321,1656571,1580501,-2149135
Extreme fragility,2024,149821148,152822766,156081848,155930747,148661102,-3001618,3259082,3107981,-4161664
Extreme fragility,2025,146877329,151268640,156093718,155868899,145225202,-4391311,4825078,4600259,-6043438
Extreme fragility,2026,143405713,149615956,156466898,156153341,141023351,-6210243,6850942,6537385,-8592605
Extreme fragility,2027,140173084,148114981,156948316,156547827,137136527,-7941897,8833335,8432846,-10978454
Extreme fragility,2028,137139307,146754293,157532133,157045507,133498966,-9614986,10777840,10291214,-13255327
Extreme fragility,2029,134280597,145516563,158222749,157650309,130079125,-11235966,12706186,12133746,-15437438
Extreme fragility,2030,131557833,144386977,159028467,158367330,126825914,-12829144,14641490,13980353,-17561063
Fiji,2015,16237,16237,16237,16237,16237,0,0,0,0
Fiji,2016,15272,15272,15272,15272,15272,0,0,0,0
Fiji,2017,13149,13149,13149,13149,13149,0,0,0,0
Fiji,2018,11288,11288,11288,11288,11288,0,0,0,0
Fiji,2019,9763,9763,9763,9763,9763,0,0,0,0
Fiji,2020,8454,8454,8454,8454,8454,0,0,0,0
Fiji,2021,7289,7289,7289,7289,7289,0,0,0,0
Fiji,2022,6329,6329,6329,6329,6329,0,0,0,0
Fiji,2023,5224,5404,5546,5374,5078,-180,142,-30,-326
Fiji,2024,4331,4633,4888,4583,4118,-302,255,-50,-515
Fiji,2025,3655,4029,4289,3964,3401,-374,260,-65,-628
Fiji,2026,3059,3509,3900,3456,2768,-450,391,-53,-741
Fiji,2027,2578,3069,3509,3024,2249,-491,440,-45,-820
Fiji,2028,2180,2695,3166,2657,1890,-515,471,-38,-805
Fiji,2029,1882,2351,2864,2320,1573,-469,513,-31,-778
Fiji,2030,1606,2101,2583,2069,1327,-495,482,-32,-774
Fiji,2031,1388,1907,2383,1884,1146,-519,476,-23,-761
Finland,2015,4192,4192,4192,4192,4192,0,0,0,0
Finland,2016,4189,4189,4189,4189,4189,0,0,0,0
Finland,2017,4183,4183,4183,4183,4183,0,0,0,0
Finland,2018,4166,4166,4166,4166,4166,0,0,0,0
Finland,2019,4145,4145,4145,4145,4145,0,0,0,0
Finland,2020,4125,4125,4125,4125,4125,0,0,0,0
Finland,2021,4105,4105,4105,4105,4105,0,0,0,0
Finland,2022,4086,4086,4086,4086,4086,0,0,0,0
Finland,2023,4103,4099,4077,4088,4120,4,-22,-11,21
Finland,2024,4121,4112,4067,4090,4155,9,-45,-22,43
Finland,2025,4138,4124,4058,4092,4190,14,-66,-32,66
Finland,2026,4152,4134,4040,4087,4224,18,-94,-47,90
Finland,2027,4167,4144,4022,4082,4259,23,-122,-62,115
Finland,2028,4181,4153,4005,4077,4294,28,-148,-76,141
Finland,2029,4196,4163,3988,4072,4329,33,-175,-91,166
Finland,2030,4210,4173,3970,4068,4365,37,-203,-105,192
Finland,2031,4222,4179,3947,4059,4397,43,-232,-120,218
Fragile,2015,297553801,297553801,297553801,297553801,297553801,0,0,0,0
Fragile,2016,300558411,300558411,300558411,300558411,300558411,0,0,0,0
Fragile,2017,299028264,299028264,299028264,299028264,299028264,0,0,0,0
Fragile,2018,296647541,296647541,296647541,296647541,296647541,0,0,0,0
Fragile,2019,294364458,294364458,294364458,294364458,294364458,0,0,0,0
Fragile,2020,292447981,292447981,292447981,292447981,292447981,0,0,0,0
Fragile,2021,291308699,291308699,291308699,291308699,291308699,0,0,0,0
Fragile,2022,289102439,289102439,289102439,289102439,289102439,0,0,0,0
Fragile,2023,280390078,284076528,288698265,288318752,278780835,-3686450,4621737,4242224,-5295693
Fragile,2024,272191844,279395667,288556049,287847704,269139760,-7203823,9160382,8452037,-10255907
Fragile,2025,264411641,274995759,288621380,287656235,260036649,-10584118,13625621,12660476,-14959110
Fragile,2026,255211911,270230353,289530838,288086396,248816295,-15018442,19300485,17856043,-21414058
Fragile,2027,246388932,265695116,290631739,288742639,238114055,-19306184,24936623,23047523,-27581061
Fragile,2028,237911994,261350419,291910568,289581676,227913376,-23438425,30560149,28231257,-33437043
Fragile,2029,229759129,257186484,293355109,290606991,218139337,-27427355,36168625,33420507,-39047147
Fragile,2030,221911505,253195441,294945653,291793316,208797901,-31283936,41750212,38597875,-44397540
Fragile (inc. extreme fragility),2015,452022232,452022232,452022232,452022232,452022232,0,0,0,0
Fragile (inc. extreme fragility),2016,459107443,459107443,459107443,459107443,459107443,0,0,0,0
Fragile (inc. extreme fragility),2017,458467214,458467214,458467214,458467214,458467214,0,0,0,0
Fragile (inc. extreme fragility),2018,455141418,455141418,455141418,455141418,455141418,0,0,0,0
Fragile (inc. extreme fragility),2019,452537793,452537793,452537793,452537793,452537793,0,0,0,0
Fragile (inc. extreme fragility),2020,450026763,450026763,450026763,450026763,450026763,0,0,0,0
Fragile (inc. extreme fragility),2021,448391761,448391761,448391761,448391761,448391761,0,0,0,0
Fragile (inc. extreme fragility),2022,445511524,445511524,445511524,445511524,445511524,0,0,0,0
Fragile (inc. extreme fragility),2023,433387076,438610847,444889155,444433572,431166019,-5223771,6278308,5822725,-7444828
Fragile (inc. extreme fragility),2024,422012992,432218433,444637897,443778451,417800862,-10205441,12419464,11560018,-14417571
Fragile (inc. extreme fragility),2025,411288970,426264399,444715098,443525134,405261851,-14975429,18450699,17260735,-21002548
Fragile (inc. extreme fragility),2026,398617624,419846309,445997736,444239737,389839646,-21228685,26151427,24393428,-30006663
Fragile (inc. extreme fragility),2027,386562016,413810097,447580055,445290466,375250582,-27248081,33769958,31480369,-38559515
Fragile (inc. extreme fragility),2028,375051301,408104712,449442701,446627183,361412342,-33053411,41337989,38522471,-46692370
Fragile (inc. extreme fragility),2029,364039726,402703047,451577858,448257300,348218462,-38663321,48874811,45554253,-54484585
Fragile (inc. extreme fragility),2030,353469338,397582418,453974120,450160646,335623815,-44113080,56391702,52578228,-61958603
France,2015,127705,127705,127705,127705,127705,0,0,0,0
France,2016,127895,127895,127895,127895,127895,0,0,0,0
France,2017,127999,127999,127999,127999,127999,0,0,0,0
France,2018,127986,127986,127986,127986,127986,0,0,0,0
France,2019,127918,127918,127918,127918,127918,0,0,0,0
France,2020,127817,127817,127817,127817,127817,0,0,0,0
France,2021,127687,127687,127687,127687,127687,0,0,0,0
France,2022,127535,127535,127535,127535,127535,0,0,0,0
France,2023,127911,127835,127181,127614,128338,76,-654,-221,503
France,2024,128291,128140,126837,127699,129149,151,-1303,-441,1009
France,2025,128677,128449,126503,127789,129969,228,-1946,-660,1520
France,2026,129026,128729,125949,127770,130804,297,-2780,-959,2075
France,2027,129379,129014,125410,127757,131649,365,-3604,-1257,2635
France,2028,129738,129303,124885,127749,132501,435,-4418,-1554,3198
France,2029,130102,129596,124374,127746,133363,506,-5222,-1850,3767
France,2030,130471,129894,123876,127749,134233,577,-6018,-2145,4339
France,2031,130828,130171,123279,127721,135083,657,-6892,-2450,4912
Gabon,2015,42922,42922,42922,42922,42922,0,0,0,0
Gabon,2016,43726,43726,43726,43726,43726,0,0,0,0
Gabon,2017,47138,47138,47138,47138,47138,0,0,0,0
Gabon,2018,47006,47006,47006,47006,47006,0,0,0,0
Gabon,2019,43824,43824,43824,43824,43824,0,0,0,0
Gabon,2020,39885,39885,39885,39885,39885,0,0,0,0
Gabon,2021,35903,35903,35903,35903,35903,0,0,0,0
Gabon,2022,31916,31916,31916,31916,31916,0,0,0,0
Gabon,2023,27207,28229,29817,30013,26791,-1022,1588,1784,-1438
Gabon,2024,23136,24928,27840,28210,22425,-1792,2912,3282,-2503
Gabon,2025,19642,21984,25978,26501,18739,-2342,3994,4517,-3245
Gabon,2026,16147,18924,23832,24205,15075,-2777,4908,5281,-3849
Gabon,2027,13348,16250,21852,22095,12028,-2902,5602,5845,-4222
Gabon,2028,11014,14047,20029,20161,9745,-3033,5982,6114,-4302
Gabon,2029,9149,12024,18356,18393,7863,-2875,6332,6369,-4161
Gabon,2030,7593,10488,16775,16732,6364,-2895,6287,6244,-4124
Gabon,2031,6222,8923,15228,15005,5134,-2701,6305,6082,-3789
Gambia,2015,800784,800784,800784,800784,800784,0,0,0,0
Gambia,2016,833363,833363,833363,833363,833363,0,0,0,0
Gambia,2017,861999,861999,861999,861999,861999,0,0,0,0
Gambia,2018,885880,885880,885880,885880,885880,0,0,0,0
Gambia,2019,908880,908880,908880,908880,908880,0,0,0,0
Gambia,2020,930954,930954,930954,930954,930954,0,0,0,0
Gambia,2021,950941,950941,950941,950941,950941,0,0,0,0
Gambia,2022,969664,969664,969664,969664,969664,0,0,0,0
Gambia,2023,968038,977365,989310,987090,963964,-9327,11945,9725,-13401
Gambia,2024,966225,985051,1009347,1004817,958042,-18826,24296,19766,-27009
Gambia,2025,964226,992719,1029785,1022851,951899,-28493,37066,30132,-40820
Gambia,2026,955655,995569,1049508,1039439,937687,-39914,53939,43870,-57882
Gambia,2027,947040,998314,1069605,1056283,923127,-51274,71291,57969,-75187
Gambia,2028,938063,1000951,1090082,1073389,908386,-62888,89131,72438,-92565
Gambia,2029,928887,1003648,1110946,1090758,893472,-74761,107298,87110,-110176
Gambia,2030,919516,1006067,1132205,1108396,878401,-86551,126138,102329,-127666
Gambia,2031,907380,1005293,1150474,1122848,859755,-97913,145181,117555,-145538
Georgia,2015,386799,386799,386799,386799,386799,0,0,0,0
Georgia,2016,356675,356675,356675,356675,356675,0,0,0,0
Georgia,2017,325642,325642,325642,325642,325642,0,0,0,0
Georgia,2018,294935,294935,294935,294935,294935,0,0,0,0
Georgia,2019,263303,263303,263303,263303,263303,0,0,0,0
Georgia,2020,229894,229894,229894,229894,229894,0,0,0,0
Georgia,2021,195863,195863,195863,195863,195863,0,0,0,0
Georgia,2022,164586,164586,164586,164586,164586,0,0,0,0
Georgia,2023,139220,140991,144165,140595,136405,-1771,3174,-396,-4586
Georgia,2024,117288,120403,125804,119715,112432,-3115,5401,-688,-7971
Georgia,2025,97986,102054,109519,101163,91772,-4068,7465,-891,-10282
Georgia,2026,84166,89295,98480,88130,76844,-5129,9185,-1165,-12451
Georgia,2027,72041,77904,88364,76545,64076,-5863,10460,-1359,-13828
Georgia,2028,61483,67794,79133,66309,53254,-6311,11339,-1485,-14540
Georgia,2029,52354,58873,70742,57320,44177,-6519,11869,-1553,-14696
Georgia,2030,44522,51044,63146,49472,36608,-6522,12102,-1572,-14436
Georgia,2031,38868,45379,57777,43740,31070,-6511,12398,-1639,-14309
Germany,2015,104499,104499,104499,104499,104499,0,0,0,0
Germany,2016,103668,103668,103668,103668,103668,0,0,0,0
Germany,2017,102851,102851,102851,102851,102851,0,0,0,0
Germany,2018,102048,102048,102048,102048,102048,0,0,0,0
Germany,2019,101296,101296,101296,101296,101296,0,0,0,0
Germany,2020,100618,100618,100618,100618,100618,0,0,0,0
Germany,2021,99990,99990,99990,99990,99990,0,0,0,0
Germany,2022,99392,99392,99392,99392,99392,0,0,0,0
Germany,2023,98924,98875,98577,98713,99092,49,-298,-162,217
Germany,2024,98467,98369,97776,98048,98804,98,-593,-321,435
Germany,2025,98021,97872,96986,97396,98528,149,-886,-476,656
Germany,2026,97487,97315,96099,96638,98156,172,-1216,-677,841
Germany,2027,96966,96769,95226,95896,97801,197,-1543,-873,1032
Germany,2028,96459,96234,94365,95171,97463,225,-1869,-1063,1229
Germany,2029,95965,95710,93518,94461,97142,255,-2192,-1249,1432
Germany,2030,95484,95197,92684,93766,96837,287,-2513,-1431,1640
Germany,2031,94905,94583,91740,92987,96429,322,-2843,-1596,1846
Ghana,2015,6018241,6018241,6018241,6018241,6018241,0,0,0,0
Ghana,2016,5982595,5982595,5982595,5982595,5982595,0,0,0,0
Ghana,2017,5773587,5773587,5773587,5773587,5773587,0,0,0,0
Ghana,2018,5250634,5250634,5250634,5250634,5250634,0,0,0,0
Ghana,2019,5015949,5015949,5015949,5015949,5015949,0,0,0,0
Ghana,2020,4851161,4851161,4851161,4851161,4851161,0,0,0,0
Ghana,2021,4671187,4671187,4671187,4671187,4671187,0,0,0,0
Ghana,2022,4473352,4473352,4473352,4473352,4473352,0,0,0,0
Ghana,2023,4136027,4243330,4335221,4334003,4100627,-107303,91891,90673,-142703
Ghana,2024,3809915,4016400,4196277,4193870,3742374,-206485,179877,177470,-274026
Ghana,2025,3495689,3792979,4056708,4053143,3400025,-297290,263729,260164,-392954
Ghana,2026,3152912,3562062,3943363,3934101,3013443,-409150,381301,372039,-548619
Ghana,2027,2829297,3336617,3829323,3814489,2652881,-507320,492706,477872,-683736
Ghana,2028,2525068,3117810,3715263,3695346,2318294,-592742,597453,577536,-799516
Ghana,2029,2240026,2904059,3599428,3574177,2010453,-664033,695369,670118,-893606
Ghana,2030,1975180,2697737,3484488,3453824,1729811,-722557,786751,756087,-967926
Ghana,2031,1717137,2488657,3378079,3339340,1460035,-771520,889422,850683,-1028622
Greece,2015,182630,182630,182630,182630,182630,0,0,0,0
Greece,2016,181567,181567,181567,181567,181567,0,0,0,0
Greece,2017,177824,177824,177824,177824,177824,0,0,0,0
Greece,2018,173680,173680,173680,173680,173680,0,0,0,0
Greece,2019,170330,170330,170330,170330,170330,0,0,0,0
Greece,2020,167193,167193,167193,167193,167193,0,0,0,0
Greece,2021,164318,164318,164318,164318,164318,0,0,0,0
Greece,2022,162324,162324,162324,162324,162324,0,0,0,0
Greece,2023,164592,164138,162801,163889,165428,454,-1337,-249,1290
Greece,2024,166935,166004,163287,165497,168657,931,-2717,-507,2653
Greece,2025,169356,167922,163782,167149,172018,1434,-4140,-773,4096
Greece,2026,172124,169988,164601,168867,176184,2136,-5387,-1121,6196
Greece,2027,174995,172115,165443,170634,180554,2880,-6672,-1481,8439
Greece,2028,177973,174307,166306,172453,185140,3666,-8001,-1854,10833
Greece,2029,181063,176564,167192,174324,189957,4499,-9372,-2240,13393
Greece,2030,184270,178890,168102,176251,195018,5380,-10788,-2639,16128
Greece,2031,187531,181132,168863,178020,200489,6399,-12269,-3112,19357
Grenada,2015,4636,4636,4636,4636,4636,0,0,0,0
Grenada,2016,4386,4386,4386,4386,4386,0,0,0,0
Grenada,2017,4169,4169,4169,4169,4169,0,0,0,0
Grenada,2018,3966,3966,3966,3966,3966,0,0,0,0
Grenada,2019,3773,3773,3773,3773,3773,0,0,0,0
Grenada,2020,3587,3587,3587,3587,3587,0,0,0,0
Grenada,2021,3408,3408,3408,3408,3408,0,0,0,0
Grenada,2022,3237,3237,3237,3237,3237,0,0,0,0
Grenada,2023,3304,2647,2439,3090,3108,657,-208,443,461
Grenada,2024,3373,2175,1856,2950,2983,1198,-319,775,808
Grenada,2025,3444,1796,1427,2816,2864,1648,-369,1020,1068
Grenada,2026,3623,1422,1010,2705,2802,2201,-412,1283,1380
Grenada,2027,3814,1135,728,2598,2741,2679,-407,1463,1606
Grenada,2028,4017,911,533,2496,2681,3106,-378,1585,1770
Grenada,2029,4235,737,397,2397,2622,3498,-340,1660,1885
Grenada,2030,4468,600,300,2303,2565,3868,-300,1703,1965
Grenada,2031,4795,485,224,2226,2543,4310,-261,1741,2058
Guatemala,2015,1500937,1500937,1500937,1500937,1500937,0,0,0,0
Guatemala,2016,1497911,1497911,1497911,1497911,1497911,0,0,0,0
Guatemala,2017,1484986,1484986,1484986,1484986,1484986,0,0,0,0
Guatemala,2018,1461973,1461973,1461973,1461973,1461973,0,0,0,0
Guatemala,2019,1427671,1427671,1427671,1427671,1427671,0,0,0,0
Guatemala,2020,1388675,1388675,1388675,1388675,1388675,0,0,0,0
Guatemala,2021,1344969,1344969,1344969,1344969,1344969,0,0,0,0
Guatemala,2022,1300776,1300776,1300776,1300776,1300776,0,0,0,0
Guatemala,2023,1230201,1259704,1300337,1299446,1218453,-29503,40633,39742,-41251
Guatemala,2024,1161870,1219087,1299707,1297937,1139405,-57217,80620,78850,-79682
Guatemala,2025,1095814,1178931,1298852,1296217,1063655,-83117,119921,117286,-115276
Guatemala,2026,1023215,1132800,1293063,1289066,978232,-109585,160263,156266,-154568
Guatemala,2027,953892,1087572,1287032,1281693,897746,-133680,199460,194121,-189826
Guatemala,2028,887789,1043292,1280765,1274105,822703,-155503,237473,230813,-220589
Guatemala,2029,825571,1000005,1274265,1266305,751509,-174434,274260,266300,-248496
Guatemala,2030,765791,957751,1267537,1258298,685609,-191960,309786,300547,-272142
Guatemala,2031,706567,911987,1256428,1246690,619942,-205420,344441,334703,-292045
Guinea,2015,4767789,4767789,4767789,4767789,4767789,0,0,0,0
Guinea,2016,4696616,4696616,4696616,4696616,4696616,0,0,0,0
Guinea,2017,4689991,4689991,4689991,4689991,4689991,0,0,0,0
Guinea,2018,4629022,4629022,4629022,4629022,4629022,0,0,0,0
Guinea,2019,4494017,4494017,4494017,4494017,4494017,0,0,0,0
Guinea,2020,4438196,4438196,4438196,4438196,4438196,0,0,0,0
Guinea,2021,4382137,4382137,4382137,4382137,4382137,0,0,0,0
Guinea,2022,4361659,4361659,4361659,4361659,4361659,0,0,0,0
Guinea,2023,4114909,4175658,4314443,4278416,4047711,-60749,138785,102758,-127947
Guinea,2024,3871624,3990131,4265424,4193678,3742105,-118507,275293,203547,-248026
Guinea,2025,3632462,3805486,4214642,4107542,3445792,-173024,409156,302056,-359694
Guinea,2026,3380765,3621091,4182135,4037452,3134610,-240326,561044,416361,-486481
Guinea,2027,3136204,3438884,4148290,3966273,2837700,-302680,709406,527389,-601184
Guinea,2028,2899548,3259234,4113118,3894062,2555956,-359686,853884,634828,-703278
Guinea,2029,2671388,3082541,4076635,3820880,2288831,-411153,994094,738339,-793710
Guinea,2030,2451091,2909356,4038855,3746790,2038854,-458265,1129499,837434,-870502
Guinea,2031,2240962,2743521,3999593,3672485,1805659,-502559,1256072,928964,-937862
Guinea-Bissau,2015,1163513,1163513,1163513,1163513,1163513,0,0,0,0
Guinea-Bissau,2016,1167486,1167486,1167486,1167486,1167486,0,0,0,0
Guinea-Bissau,2017,1171692,1171692,1171692,1171692,1171692,0,0,0,0
Guinea-Bissau,2018,1174473,1174473,1174473,1174473,1174473,0,0,0,0
Guinea-Bissau,2019,1175858,1175858,1175858,1175858,1175858,0,0,0,0
Guinea-Bissau,2020,1175865,1175865,1175865,1175865,1175865,0,0,0,0
Guinea-Bissau,2021,1174434,1174434,1174434,1174434,1174434,0,0,0,0
Guinea-Bissau,2022,1171490,1171490,1171490,1171490,1171490,0,0,0,0
Guinea-Bissau,2023,1155640,1164888,1176407,1175015,1151405,-9248,11519,10127,-13483
Guinea-Bissau,2024,1139149,1157789,1181103,1178290,1130615,-18640,23314,20501,-27174
Guinea-Bissau,2025,1122038,1150197,1185574,1181310,1109157,-28159,35377,31113,-41040
Guinea-Bissau,2026,1095950,1136533,1188223,1182157,1076683,-40583,51690,45624,-59850
Guinea-Bissau,2027,1069294,1122347,1190626,1182724,1043638,-53053,68279,60377,-78709
Guinea-Bissau,2028,1042123,1107655,1192780,1183008,1010077,-65532,85125,75353,-97578
Guinea-Bissau,2029,1014444,1092475,1194682,1183008,976211,-78031,102207,90533,-116264
Guinea-Bissau,2030,986484,1076823,1196329,1182721,941933,-90339,119506,105898,-134890
Guinea-Bissau,2031,953601,1057166,1194421,1179001,902253,-103565,137255,121835,-154913
Guyana,2015,47944,47944,47944,47944,47944,0,0,0,0
Guyana,2016,46168,46168,46168,46168,46168,0,0,0,0
Guyana,2017,44370,44370,44370,44370,44370,0,0,0,0
Guyana,2018,42664,42664,42664,42664,42664,0,0,0,0
Guyana,2019,41011,41011,41011,41011,41011,0,0,0,0
Guyana,2020,27161,27161,27161,27161,27161,0,0,0,0
Guyana,2021,21080,21080,21080,21080,21080,0,0,0,0
Guyana,2022,20764,20764,20764,20764,20764,0,0,0,0
Guyana,2023,19666,19857,20173,19897,19463,-191,316,40,-394
Guyana,2024,18677,19029,19626,19100,18303,-352,597,71,-726
Guyana,2025,17787,18272,19119,18366,17269,-485,847,94,-1003
Guyana,2026,16904,17549,18653,17627,16223,-645,1104,78,-1326
Guyana,2027,16101,16881,18223,16942,15285,-780,1342,61,-1596
Guyana,2028,15375,16262,17820,16307,14448,-887,1558,45,-1814
Guyana,2029,14717,15694,17440,15718,13699,-977,1746,24,-1995
Guyana,2030,14120,15170,17088,15174,13071,-1050,1918,4,-2099
Guyana,2031,13591,14659,16716,14629,12427,-1068,2057,-30,-2232
Haiti,2015,5396476,5396476,5396476,5396476,5396476,0,0,0,0
Haiti,2016,5459987,5459987,5459987,5459987,5459987,0,0,0,0
Haiti,2017,5536652,5536652,5536652,5536652,5536652,0,0,0,0
Haiti,2018,5540665,5540665,5540665,5540665,5540665,0,0,0,0
Haiti,2019,5541645,5541645,5541645,5541645,5541645,0,0,0,0
Haiti,2020,5539786,5539786,5539786,5539786,5539786,0,0,0,0
Haiti,2021,5535149,5535149,5535149,5535149,5535149,0,0,0,0
Haiti,2022,5527686,5527686,5527686,5527686,5527686,0,0,0,0
Haiti,2023,5468061,5492908,5546133,5525913,5435900,-24847,53225,33005,-57008
Haiti,2024,5408281,5457794,5564399,5523838,5344569,-49513,106605,66044,-113225
Haiti,2025,5348383,5422363,5582484,5521463,5253746,-73980,160121,99100,-168617
Haiti,2026,5265744,5374159,5598964,5516683,5135435,-108415,224805,142524,-238724
Haiti,2027,5183456,5325805,5615281,5511642,5018205,-142349,289476,185837,-307600
Haiti,2028,5101233,5277324,5631436,5506344,4902740,-176091,354112,229020,-374584
Haiti,2029,5019762,5228405,5647429,5500794,4788794,-208643,419024,272389,-439611
Haiti,2030,4938770,5179714,5663261,5494995,4676416,-240944,483547,315281,-503298
Haiti,2031,4849906,5122546,5673698,5484674,4555693,-272640,551152,362128,-566853
Honduras,2015,1439469,1439469,1439469,1439469,1439469,0,0,0,0
Honduras,2016,1421166,1421166,1421166,1421166,1421166,0,0,0,0
Honduras,2017,1405843,1405843,1405843,1405843,1405843,0,0,0,0
Honduras,2018,1386435,1386435,1386435,1386435,1386435,0,0,0,0
Honduras,2019,1362797,1362797,1362797,1362797,1362797,0,0,0,0
Honduras,2020,1338284,1338284,1338284,1338284,1338284,0,0,0,0
Honduras,2021,1312917,1312917,1312917,1312917,1312917,0,0,0,0
Honduras,2022,1286756,1286756,1286756,1286756,1286756,0,0,0,0
Honduras,2023,1243549,1259170,1281235,1279316,1235193,-15621,22065,20146,-23977
Honduras,2024,1200857,1231575,1275465,1271644,1184552,-30718,43890,40069,-47023
Honduras,2025,1158682,1203974,1269442,1263740,1134826,-45292,65468,59766,-69148
Honduras,2026,1108568,1170953,1261753,1253779,1074289,-62385,90800,82826,-96664
Honduras,2027,1059413,1138113,1253831,1243612,1015381,-78700,115718,105499,-122732
Honduras,2028,1011206,1105457,1245672,1233234,958070,-94251,140215,127777,-147387
Honduras,2029,963937,1072986,1237275,1222645,902596,-109049,164289,149659,-170390
Honduras,2030,917595,1040701,1228635,1211844,848121,-123106,187934,171143,-192580
Honduras,2031,868935,1006328,1218368,1200104,791055,-137393,212040,193776,-215273
Hong Kong,2015,17706,17706,17706,17706,17706,0,0,0,0
Hong Kong,2016,17783,17783,17783,17783,17783,0,0,0,0
Hong Kong,2017,17828,17828,17828,17828,17828,0,0,0,0
Hong Kong,2018,17859,17859,17859,17859,17859,0,0,0,0
Hong Kong,2019,17874,17874,17874,17874,17874,0,0,0,0
Hong Kong,2020,17880,17880,17880,17880,17880,0,0,0,0
Hong Kong,2021,17868,17868,17868,17868,17868,0,0,0,0
Hong Kong,2022,17852,17852,17852,17852,17852,0,0,0,0
Hong Kong,2023,17890,17904,17856,17889,17950,-14,-48,-15,46
Hong Kong,2024,18091,18119,18021,18087,18212,-28,-98,-32,93
Hong Kong,2025,18136,18178,18030,18130,18318,-42,-148,-48,140
Hong Kong,2026,18183,18240,18032,18174,18431,-57,-208,-66,191
Hong Kong,2027,18232,18304,18035,18220,18546,-72,-269,-84,242
Hong Kong,2028,18282,18369,18039,18266,18664,-87,-330,-103,295
Hong Kong,2029,18333,18436,18044,18314,18784,-103,-392,-122,348
Hong Kong,2030,18386,18505,18049,18364,18907,-119,-456,-141,402
Hong Kong,2031,18432,18560,18024,18402,19024,-128,-536,-158,464
Hungary,2015,43844,43844,43844,43844,43844,0,0,0,0
Hungary,2016,42749,42749,42749,42749,42749,0,0,0,0
Hungary,2017,41375,41375,41375,41375,41375,0,0,0,0
Hungary,2018,40048,40048,40048,40048,40048,0,0,0,0
Hungary,2019,38923,38923,38923,38923,38923,0,0,0,0
Hungary,2020,37909,37909,37909,37909,37909,0,0,0,0
Hungary,2021,36994,36994,36994,36994,36994,0,0,0,0
Hungary,2022,36112,36112,36112,36112,36112,0,0,0,0
Hungary,2023,35452,35428,35276,35373,35545,24,-152,-55,117
Hungary,2024,34717,34670,34376,34564,34900,47,-294,-106,230
Hungary,2025,34108,34038,33609,33883,34377,70,-429,-155,339
Hungary,2026,33528,33439,32861,33216,33885,89,-578,-223,446
Hungary,2027,32969,32862,32141,32574,33412,107,-721,-288,550
Hungary,2028,32431,32305,31448,31956,32956,126,-857,-349,651
Hungary,2029,31912,31768,30781,31360,32517,144,-987,-408,749
Hungary,2030,31411,31249,30139,30786,32095,162,-1110,-463,846
Hungary,2031,30944,30753,29514,30238,31702,191,-1239,-515,949
Iceland,2015,735,735,735,735,735,0,0,0,0
Iceland,2016,727,727,727,727,727,0,0,0,0
Iceland,2017,741,741,741,741,741,0,0,0,0
Iceland,2018,741,741,741,741,741,0,0,0,0
Iceland,2019,742,742,742,742,742,0,0,0,0
Iceland,2020,743,743,743,743,743,0,0,0,0
Iceland,2021,745,745,745,745,745,0,0,0,0
Iceland,2022,747,747,747,747,747,0,0,0,0
Iceland,2023,741,740,736,739,744,1,-4,-1,4
Iceland,2024,747,746,738,743,753,1,-8,-3,7
Iceland,2025,753,752,740,747,763,1,-12,-5,11
Iceland,2026,758,757,741,750,771,1,-16,-7,14
Iceland,2027,763,762,741,753,780,1,-21,-9,18
Iceland,2028,769,767,742,756,790,2,-25,-11,23
Iceland,2029,774,772,743,759,799,2,-29,-13,27
Iceland,2030,780,777,744,762,808,3,-33,-15,31
Iceland,2031,785,781,744,765,817,4,-37,-16,36
India,2015,159271816,159271816,159271816,159271816,159271816,0,0,0,0
India,2016,127070997,127070997,127070997,127070997,127070997,0,0,0,0
India,2017,97134924,97134924,97134924,97134924,97134924,0,0,0,0
India,2018,70217868,70217868,70217868,70217868,70217868,0,0,0,0
India,2019,48926454,48926454,48926454,48926454,48926454,0,0,0,0
India,2020,33060784,33060784,33060784,33060784,33060784,0,0,0,0
India,2021,21968956,21968956,21968956,21968956,21968956,0,0,0,0
India,2022,14677283,14677283,14677283,14677283,14677283,0,0,0,0
India,2023,10460193,10814592,11297811,10903978,10309088,-354399,483219,89386,-505504
India,2024,7649913,8141077,8760462,8270726,7443356,-491164,619385,129649,-697721
India,2025,5695199,6210603,6900515,6393601,5476276,-515404,689912,182998,-734327
India,2026,4410939,4973876,5784935,5115537,4174570,-562937,811059,141661,-799306
India,2027,3468674,4030560,4858494,4184263,3246853,-561886,827934,153703,-783707
India,2028,2797869,3324506,4099855,3438870,2577666,-526637,775349,114364,-746840
India,2029,2301854,2767707,3516271,2881940,2050303,-465853,748564,114233,-717404
India,2030,1838741,2354269,3041995,2429241,1676845,-515528,687726,74972,-677424
India,2031,1555658,1991632,2664173,2070659,1427815,-435974,672541,79027,-563817
Indonesia,2015,23594507,23594507,23594507,23594507,23594507,0,0,0,0
Indonesia,2016,20085641,20085641,20085641,20085641,20085641,0,0,0,0
Indonesia,2017,16552107,16552107,16552107,16552107,16552107,0,0,0,0
Indonesia,2018,12917485,12917485,12917485,12917485,12917485,0,0,0,0
Indonesia,2019,9229654,9229654,9229654,9229654,9229654,0,0,0,0
Indonesia,2020,6171946,6171946,6171946,6171946,6171946,0,0,0,0
Indonesia,2021,3333306,3333306,3333306,3333306,3333306,0,0,0,0
Indonesia,2022,1175093,1175093,1175093,1175093,1175093,0,0,0,0
Indonesia,2023,697744,734605,769103,734755,677578,-36861,34498,150,-57027
Indonesia,2024,415532,457784,498294,457822,392892,-42252,40510,38,-64892
Indonesia,2025,246398,284282,322855,284305,227083,-37884,38573,23,-57199
Indonesia,2026,158578,191524,230407,191955,132536,-32946,38883,431,-58988
Indonesia,2027,101401,130691,169192,130772,91257,-29290,38501,81,-39434
Indonesia,2028,66787,87797,120748,88293,59369,-21010,32951,496,-28428
Indonesia,2029,46959,68430,93157,68482,41610,-21471,24727,52,-26820
Indonesia,2030,30786,47750,70750,47964,29023,-16964,23000,214,-18727
Indonesia,2031,25313,34190,54775,33463,16806,-8877,20585,-727,-17384
Iran,2015,17077,17077,17077,17077,17077,0,0,0,0
Iran,2016,15289,15289,15289,15289,15289,0,0,0,0
Iran,2017,15059,15059,15059,15059,15059,0,0,0,0
Iran,2018,15220,15220,15220,15220,15220,0,0,0,0
Iran,2019,10329,10329,10329,10329,10329,0,0,0,0
Iran,2020,10425,10425,10425,10425,10425,0,0,0,0
Iran,2021,10515,10515,10515,10515,10515,0,0,0,0
Iran,2022,10599,10599,10599,10599,10599,0,0,0,0
Iran,2023,10660,10679,10703,10666,10657,-19,24,-13,-22
Iran,2024,14583,14732,10809,10733,14404,-149,-3923,-3999,-328
Iran,2025,14177,14394,14825,14439,13920,-217,431,45,-474
Iran,2026,13703,14026,14599,14066,13361,-323,573,40,-665
Iran,2027,13249,13670,14379,13706,12832,-421,709,36,-838
Iran,2028,12815,13326,14164,13357,12329,-511,838,31,-997
Iran,2029,12399,12994,13953,13021,11853,-595,959,27,-1141
Iran,2030,12002,12674,13748,12696,11401,-672,1074,22,-1273
Iran,2031,11582,12318,13503,12334,10917,-736,1185,16,-1401
Iraq,2015,482568,482568,482568,482568,482568,0,0,0,0
Iraq,2016,335170,335170,335170,335170,335170,0,0,0,0
Iraq,2017,496285,496285,496285,496285,496285,0,0,0,0
Iraq,2018,516554,516554,516554,516554,516554,0,0,0,0
Iraq,2019,586630,586630,586630,586630,586630,0,0,0,0
Iraq,2020,649714,649714,649714,649714,649714,0,0,0,0
Iraq,2021,712194,712194,712194,712194,712194,0,0,0,0
Iraq,2022,777502,777502,777502,777502,777502,0,0,0,0
Iraq,2023,690889,713034,745173,742879,675980,-22145,32139,29845,-37054
Iraq,2024,610842,651552,716956,712559,585101,-40710,65404,61007,-66451
Iraq,2025,541744,594970,687229,680918,508582,-53226,92259,85948,-86388
Iraq,2026,488255,554373,666761,656680,442393,-66118,112388,102307,-111980
Iraq,2027,439000,517200,648437,634709,386526,-78200,131237,117509,-130674
Iraq,2028,395603,480430,630550,613404,337936,-84827,150120,132974,-142494
Iraq,2029,356885,448728,613117,592784,297475,-91843,164389,144056,-151253
Iraq,2030,321321,418550,597337,574212,260321,-97229,178787,155662,-158229
Iraq,2031,299357,399286,585479,559797,233453,-99929,186193,160511,-165833
Ireland,2015,10794,10794,10794,10794,10794,0,0,0,0
Ireland,2016,10816,10816,10816,10816,10816,0,0,0,0
Ireland,2017,10777,10777,10777,10777,10777,0,0,0,0
Ireland,2018,10774,10774,10774,10774,10774,0,0,0,0
Ireland,2019,10487,10487,10487,10487,10487,0,0,0,0
Ireland,2020,10490,10490,10490,10490,10490,0,0,0,0
Ireland,2021,10488,10488,10488,10488,10488,0,0,0,0
Ireland,2022,10481,10481,10481,10481,10481,0,0,0,0
Ireland,2023,10395,10394,10358,10376,10425,1,-36,-18,31
Ireland,2024,10318,10317,10244,10280,10379,1,-73,-37,62
Ireland,2025,10251,10248,10139,10194,10342,3,-109,-54,94
Ireland,2026,10184,10179,10022,10106,10303,5,-157,-73,124
Ireland,2027,10125,10117,9913,10025,10274,8,-204,-92,157
Ireland,2028,10073,10063,9811,9953,10253,10,-252,-110,190
Ireland,2029,10029,10015,9718,9886,10239,14,-297,-129,224
Ireland,2030,9991,9974,9630,9827,10233,17,-344,-147,259
Ireland,2031,9963,9940,9549,9777,10233,23,-391,-163,293
Israel,2015,30862,30862,30862,30862,30862,0,0,0,0
Israel,2016,29918,29918,29918,29918,29918,0,0,0,0
Israel,2017,30038,30038,30038,30038,30038,0,0,0,0
Israel,2018,29615,29615,29615,29615,29615,0,0,0,0
Israel,2019,29689,29689,29689,29689,29689,0,0,0,0
Israel,2020,29213,29213,29213,29213,29213,0,0,0,0
Israel,2021,29238,29238,29238,29238,29238,0,0,0,0
Israel,2022,28697,28697,28697,28697,28697,0,0,0,0
Israel,2023,28733,28809,28426,28706,28904,-76,-383,-103,95
Israel,2024,28767,28919,28158,28713,29111,-152,-761,-206,192
Israel,2025,28803,29031,27896,28723,29321,-228,-1135,-308,290
Israel,2026,28641,28975,27593,28547,29286,-334,-1382,-428,311
Israel,2027,28438,28916,27271,28349,29214,-478,-1645,-567,298
Israel,2028,28232,28817,26960,28132,29131,-585,-1857,-685,314
Israel,2029,28037,28725,26661,27923,29058,-688,-2064,-802,333
Israel,2030,27852,28640,26373,27724,28996,-788,-2267,-916,356
Israel,2031,27547,28432,26105,27426,28764,-885,-2327,-1006,332
Italy,2015,628592,628592,628592,628592,628592,0,0,0,0
Italy,2016,626390,626390,626390,626390,626390,0,0,0,0
Italy,2017,624215,624215,624215,624215,624215,0,0,0,0
Italy,2018,622036,622036,622036,622036,622036,0,0,0,0
Italy,2019,619792,619792,619792,619792,619792,0,0,0,0
Italy,2020,617433,617433,617433,617433,617433,0,0,0,0
Italy,2021,614852,614852,614852,614852,614852,0,0,0,0
Italy,2022,612195,612195,612195,612195,612195,0,0,0,0
Italy,2023,614032,613377,611525,612610,616310,655,-1852,-767,2933
Italy,2024,615880,614564,610861,613028,620468,1316,-3703,-1536,5904
Italy,2025,617739,615757,610203,613447,624669,1982,-5554,-2310,8912
Italy,2026,619491,616766,608661,613352,629257,2725,-8105,-3414,12491
Italy,2027,621252,617780,607125,613257,633896,3472,-10655,-4523,16116
Italy,2028,623024,618797,605595,613164,638587,4227,-13202,-5633,19790
Italy,2029,624805,619819,604072,613071,643330,4986,-15747,-6748,23511
Italy,2030,626597,620845,602555,612980,648126,5752,-18290,-7865,27281
Italy,2031,628277,621605,600302,612580,653035,6672,-21303,-9025,31430
Jamaica,2015,30906,30906,30906,30906,30906,0,0,0,0
Jamaica,2016,25979,25979,25979,25979,25979,0,0,0,0
Jamaica,2017,19701,19701,19701,19701,19701,0,0,0,0
Jamaica,2018,12707,12707,12707,12707,12707,0,0,0,0
Jamaica,2019,6604,6604,6604,6604,6604,0,0,0,0
Jamaica,2020,2731,2731,2731,2731,2731,0,0,0,0
Jamaica,2021,886,886,886,886,886,0,0,0,0
Jamaica,2022,353,353,353,353,353,0,0,0,0
Jamaica,2023,89,264,180,263,89,-175,-84,-1,-175
Jamaica,2024,45,90,181,89,44,-45,91,-1,-46
Jamaica,2025,45,45,183,45,22,0,138,0,-23
Jamaica,2026,22,45,184,22,11,-23,139,-23,-34
Jamaica,2027,11,22,274,11,3,-11,252,-11,-19
Jamaica,2028,6,23,277,11,1,-17,254,-12,-22
Jamaica,2029,3,11,94,6,1,-8,83,-5,-10
Jamaica,2030,3,6,95,3,0,-3,89,-3,-6
Jamaica,2031,1,6,96,1,0,-5,90,-5,-6
Japan,2015,666165,666165,666165,666165,666165,0,0,0,0
Japan,2016,661490,661490,661490,661490,661490,0,0,0,0
Japan,2017,656032,656032,656032,656032,656032,0,0,0,0
Japan,2018,652225,652225,652225,652225,652225,0,0,0,0
Japan,2019,647588,647588,647588,647588,647588,0,0,0,0
Japan,2020,644428,644428,644428,644428,644428,0,0,0,0
Japan,2021,639773,639773,639773,639773,639773,0,0,0,0
Japan,2022,635253,635253,635253,635253,635253,0,0,0,0
Japan,2023,630050,629658,626598,628608,630740,392,-3060,-1050,1082
Japan,2024,625969,624765,614096,623533,627822,1204,-10669,-1232,3057
Japan,2025,617056,615277,606964,613459,619799,1779,-8313,-1818,4522
Japan,2026,611150,612813,598371,605378,613843,-1663,-14442,-7435,1030
Japan,2027,605614,604029,589986,598291,608936,1585,-14043,-5738,4907
Japan,2028,600198,598393,581800,591361,604157,1805,-16593,-7032,5764
Japan,2029,594899,592861,573807,584581,599503,2038,-19054,-8280,6642
Japan,2030,589712,587429,566000,577947,594970,2283,-21429,-9482,7541
Japan,2031,584301,581899,560153,571095,590115,2402,-21746,-10804,8216
Jordan,2015,2441,2441,2441,2441,2441,0,0,0,0
Jordan,2016,2479,2479,2479,2479,2479,0,0,0,0
Jordan,2017,2905,2905,2905,2905,2905,0,0,0,0
Jordan,2018,2776,2776,2776,2776,2776,0,0,0,0
Jordan,2019,2581,2581,2581,2581,2581,0,0,0,0
Jordan,2020,2042,2042,2042,2042,2042,0,0,0,0
Jordan,2021,2129,2129,2129,2129,2129,0,0,0,0
Jordan,2022,1926,1926,1926,1926,1926,0,0,0,0
Jordan,2023,1754,1797,1838,1847,1757,-43,41,50,-40
Jordan,2024,2119,1673,1752,1768,2129,446,79,95,456
Jordan,2025,1978,2097,1667,1692,1991,-119,-430,-405,-106
Jordan,2026,1834,1995,2163,2184,1839,-161,168,189,-156
Jordan,2027,1704,1899,2116,2132,1718,-195,217,233,-181
Jordan,2028,1727,1809,2071,2080,1751,-82,262,271,-58
Jordan,2029,1180,1790,2027,2031,1199,-610,237,241,-591
Jordan,2030,1200,1825,1985,1983,1222,-625,160,158,-603
Jordan,2031,1218,1248,1953,1938,1243,-30,705,690,-5
Kazakhstan,2015,4316,4316,4316,4316,4316,0,0,0,0
Kazakhstan,2016,4432,4432,4432,4432,4432,0,0,0,0
Kazakhstan,2017,4149,4149,4149,4149,4149,0,0,0,0
Kazakhstan,2018,3641,3641,3641,3641,3641,0,0,0,0
Kazakhstan,2019,4421,4421,4421,4421,4421,0,0,0,0
Kazakhstan,2020,4046,4046,4046,4046,4046,0,0,0,0
Kazakhstan,2021,3624,3624,3624,3624,3624,0,0,0,0
Kazakhstan,2022,2370,2370,2370,2370,2370,0,0,0,0
Kazakhstan,2023,2382,2386,3556,2381,2382,-4,1170,-5,-4
Kazakhstan,2024,2394,2402,2409,2392,2395,-8,7,-10,-7
Kazakhstan,2025,2407,2418,2428,2404,2408,-11,10,-14,-10
Kazakhstan,2026,2415,2431,2445,2411,3368,-16,14,-20,937
Kazakhstan,2027,3201,3424,2462,3278,3050,-223,-962,-146,-374
Kazakhstan,2028,2939,3190,3331,3021,2769,-251,141,-169,-421
Kazakhstan,2029,2704,2976,3125,2790,2522,-272,149,-186,-454
Kazakhstan,2030,2494,2781,2936,2581,2425,-287,155,-200,-356
Kazakhstan,2031,2427,2630,2788,2417,1230,-203,158,-213,-1400
Kenya,2015,11569542,11569542,11569542,11569542,11569542,0,0,0,0
Kenya,2016,11275622,11275622,11275622,11275622,11275622,0,0,0,0
Kenya,2017,11092368,11092368,11092368,11092368,11092368,0,0,0,0
Kenya,2018,10805338,10805338,10805338,10805338,10805338,0,0,0,0
Kenya,2019,10430735,10430735,10430735,10430735,10430735,0,0,0,0
Kenya,2020,9980281,9980281,9980281,9980281,9980281,0,0,0,0
Kenya,2021,9524137,9524137,9524137,9524137,9524137,0,0,0,0
Kenya,2022,9058016,9058016,9058016,9058016,9058016,0,0,0,0
Kenya,2023,8372497,8518368,8741953,8717939,8308142,-145871,223585,199571,-210226
Kenya,2024,7703482,7984004,8423611,8376621,7580627,-280522,439607,392617,-403377
Kenya,2025,7059605,7462978,8099804,8030948,6884404,-403373,636826,567970,-578574
Kenya,2026,6384718,6948601,7817222,7720770,6127309,-563883,868621,772169,-821292
Kenya,2027,5741811,6448292,7533537,7410749,5415576,-706481,1085245,962457,-1032716
Kenya,2028,5135171,5961681,7249265,7101474,4752472,-826510,1287584,1139793,-1209209
Kenya,2029,4567583,5495411,6964951,6793564,4138591,-927828,1469540,1298153,-1356820
Kenya,2030,4035226,5045620,6682171,6486673,3576751,-1010394,1636551,1441053,-1468869
Kenya,2031,3541026,4627443,6423919,6209506,3053744,-1086417,1796476,1582063,-1573699
Kiribati,2015,17509,17509,17509,17509,17509,0,0,0,0
Kiribati,2016,17290,17290,17290,17290,17290,0,0,0,0
Kiribati,2017,17199,17199,17199,17199,17199,0,0,0,0
Kiribati,2018,17390,17390,17390,17390,17390,0,0,0,0
Kiribati,2019,17765,17765,17765,17765,17765,0,0,0,0
Kiribati,2020,18052,18052,18052,18052,18052,0,0,0,0
Kiribati,2021,18274,18274,18274,18274,18274,0,0,0,0
Kiribati,2022,18525,18525,18525,18525,18525,0,0,0,0
Kiribati,2023,18372,18372,18372,18372,18372,0,0,0,0
Kiribati,2024,18195,18195,18195,18195,18195,0,0,0,0
Kiribati,2025,17993,17993,17993,17993,17993,0,0,0,0
Kiribati,2026,17766,17766,17766,17766,17766,0,0,0,0
Kiribati,2027,17515,17515,17515,17515,17515,0,0,0,0
Kiribati,2028,17242,17242,17242,17242,17242,0,0,0,0
Kiribati,2029,16948,16948,16948,16948,16948,0,0,0,0
Kiribati,2030,16636,16636,16636,16636,16636,0,0,0,0
Kiribati,2031,16306,16306,16306,16306,16306,0,0,0,0
Kosovo,2015,9352,9352,9352,9352,9352,0,0,0,0
Kosovo,2016,9673,9673,9673,9673,9673,0,0,0,0
Kosovo,2017,9102,9102,9102,9102,9102,0,0,0,0
Kosovo,2018,8609,8609,8609,8609,8609,0,0,0,0
Kosovo,2019,8166,8166,8166,8166,8166,0,0,0,0
Kosovo,2020,7698,7698,7698,7698,7698,0,0,0,0
Kosovo,2021,7390,7390,7390,7390,7390,0,0,0,0
Kosovo,2022,7025,7025,7025,7025,7025,0,0,0,0
Kosovo,2023,6736,6736,6736,6736,6736,0,0,0,0
Kosovo,2024,6449,6449,6449,6449,6449,0,0,0,0
Kosovo,2025,6174,6174,6174,6174,6174,0,0,0,0
Kosovo,2026,5959,5959,5959,5959,5959,0,0,0,0
Kosovo,2027,5743,5743,5743,5743,5743,0,0,0,0
Kosovo,2028,5528,5528,5528,5528,5528,0,0,0,0
Kosovo,2029,5318,5318,5318,5318,5318,0,0,0,0
Kosovo,2030,5109,5109,5109,5109,5109,0,0,0,0
Kosovo,2031,4931,4931,4931,4931,4931,0,0,0,0
Kuwait,2015,920,920,920,920,920,0,0,0,0
Kuwait,2016,916,916,916,916,916,0,0,0,0
Kuwait,2017,914,914,914,914,914,0,0,0,0
Kuwait,2018,892,892,892,892,892,0,0,0,0
Kuwait,2019,868,868,868,868,868,0,0,0,0
Kuwait,2020,845,845,845,845,845,0,0,0,0
Kuwait,2021,824,824,824,824,824,0,0,0,0
Kuwait,2022,804,804,804,804,804,0,0,0,0
Kuwait,2023,791,793,790,792,795,-2,-3,-1,2
Kuwait,2024,778,783,776,780,787,-5,-7,-3,4
Kuwait,2025,766,772,762,768,778,-6,-10,-4,6
Kuwait,2026,751,760,747,753,766,-9,-13,-7,6
Kuwait,2027,736,747,733,739,754,-11,-14,-8,7
Kuwait,2028,722,735,718,725,743,-13,-17,-10,8
Kuwait,2029,708,723,704,711,731,-15,-19,-12,8
Kuwait,2030,694,711,690,698,720,-17,-21,-13,9
Kuwait,2031,678,697,675,682,705,-19,-22,-15,8
Kyrgyzstan,2015,59042,59042,59042,59042,59042,0,0,0,0
Kyrgyzstan,2016,52063,52063,52063,52063,52063,0,0,0,0
Kyrgyzstan,2017,46694,46694,46694,46694,46694,0,0,0,0
Kyrgyzstan,2018,40884,40884,40884,40884,40884,0,0,0,0
Kyrgyzstan,2019,32869,32869,32869,32869,32869,0,0,0,0
Kyrgyzstan,2020,26970,26970,26970,26970,26970,0,0,0,0
Kyrgyzstan,2021,22723,22723,22723,22723,22723,0,0,0,0
Kyrgyzstan,2022,18233,18233,18233,18233,18233,0,0,0,0
Kyrgyzstan,2023,14200,14558,15037,14523,13882,-358,479,-35,-676
Kyrgyzstan,2024,11274,11826,12589,11769,10795,-552,763,-57,-1031
Kyrgyzstan,2025,9232,9587,10612,9516,8612,-355,1025,-71,-975
Kyrgyzstan,2026,7338,8300,9474,8237,6969,-962,1174,-63,-1331
Kyrgyzstan,2027,6257,7137,8183,7047,5679,-880,1046,-90,-1458
Kyrgyzstan,2028,5290,6053,7393,5995,4945,-763,1340,-58,-1108
Kyrgyzstan,2029,4663,5188,6392,5148,3975,-525,1204,-40,-1213
Kyrgyzstan,2030,4148,4729,5720,4682,3263,-581,991,-47,-1466
Kyrgyzstan,2031,3346,4072,5048,4073,2810,-726,976,1,-1262
Laos,2015,1501132,1501132,1501132,1501132,1501132,0,0,0,0
Laos,2016,1349008,1349008,1349008,1349008,1349008,0,0,0,0
Laos,2017,1205126,1205126,1205126,1205126,1205126,0,0,0,0
Laos,2018,1065581,1065581,1065581,1065581,1065581,0,0,0,0
Laos,2019,922519,922519,922519,922519,922519,0,0,0,0
Laos,2020,786003,786003,786003,786003,786003,0,0,0,0
Laos,2021,652920,652920,652920,652920,652920,0,0,0,0
Laos,2022,534741,534741,534741,534741,534741,0,0,0,0
Laos,2023,423096,441359,458983,458371,412585,-18263,17624,17012,-28774
Laos,2024,325242,357119,388587,387554,307845,-31877,31468,30435,-49274
Laos,2025,242961,282936,324429,323142,221431,-39975,41493,40206,-61505
Laos,2026,175880,223298,275105,273477,151449,-47418,51807,50179,-71849
Laos,2027,123679,173313,230823,228992,100278,-49634,57510,55679,-73035
Laos,2028,85317,132067,191956,190037,65096,-46750,59889,57970,-66971
Laos,2029,58406,99422,157698,155787,42033,-41016,58276,56365,-57389
Laos,2030,39717,74172,128524,126693,27188,-34455,54352,52521,-46984
Laos,2031,26932,55318,105397,103931,17622,-28386,50079,48613,-37696
Latvia,2015,18503,18503,18503,18503,18503,0,0,0,0
Latvia,2016,17843,17843,17843,17843,17843,0,0,0,0
Latvia,2017,17110,17110,17110,17110,17110,0,0,0,0
Latvia,2018,16413,16413,16413,16413,16413,0,0,0,0
Latvia,2019,15733,15733,15733,15733,15733,0,0,0,0
Latvia,2020,15076,15076,15076,15076,15076,0,0,0,0
Latvia,2021,14436,14436,14436,14436,14436,0,0,0,0
Latvia,2022,13818,13818,13818,13818,13818,0,0,0,0
Latvia,2023,13438,13464,13489,13445,13422,-26,25,-19,-42
Latvia,2024,13076,13126,13173,13088,13046,-50,47,-38,-80
Latvia,2025,12731,12802,12870,12748,12689,-71,68,-54,-113
Latvia,2026,12418,12519,12607,12440,12362,-101,88,-79,-157
Latvia,2027,12118,12247,12353,12145,12050,-129,106,-102,-197
Latvia,2028,11831,11985,12108,11861,11752,-154,123,-124,-233
Latvia,2029,11555,11734,11872,11589,11468,-179,138,-145,-266
Latvia,2030,11292,11491,11644,11326,11197,-199,153,-165,-294
Latvia,2031,11058,11276,11439,11091,10958,-218,163,-185,-318
Lebanon,2015,238603,238603,238603,238603,238603,0,0,0,0
Lebanon,2016,242366,242366,242366,242366,242366,0,0,0,0
Lebanon,2017,234660,234660,234660,234660,234660,0,0,0,0
Lebanon,2018,219743,219743,219743,219743,219743,0,0,0,0
Lebanon,2019,201365,201365,201365,201365,201365,0,0,0,0
Lebanon,2020,183388,183388,183388,183388,183388,0,0,0,0
Lebanon,2021,166140,166140,166140,166140,166140,0,0,0,0
Lebanon,2022,149514,149514,149514,149514,149514,0,0,0,0
Lebanon,2023,142534,143324,144230,143311,142182,-790,906,-13,-1142
Lebanon,2024,135892,137398,139135,137370,135225,-1506,1737,-28,-2173
Lebanon,2025,129570,131724,134222,131681,128621,-2154,2498,-43,-3103
Lebanon,2026,123310,126203,129713,126150,121972,-2893,3510,-53,-4231
Lebanon,2027,117362,120920,125356,120856,115681,-3558,4436,-64,-5239
Lebanon,2028,111712,115864,121146,115788,109728,-4152,5282,-76,-6136
Lebanon,2029,106344,111025,117077,110936,104095,-4681,6052,-89,-6930
Lebanon,2030,101242,106394,113146,106292,98763,-5152,6752,-102,-7631
Lebanon,2031,96213,101696,109139,101604,93506,-5483,7443,-92,-8190
Lesotho,2015,1162757,1162757,1162757,1162757,1162757,0,0,0,0
Lesotho,2016,1163444,1163444,1163444,1163444,1163444,0,0,0,0
Lesotho,2017,1168583,1168583,1168583,1168583,1168583,0,0,0,0
Lesotho,2018,1171800,1171800,1171800,1171800,1171800,0,0,0,0
Lesotho,2019,1165501,1165501,1165501,1165501,1165501,0,0,0,0
Lesotho,2020,1156542,1156542,1156542,1156542,1156542,0,0,0,0
Lesotho,2021,1143743,1143743,1143743,1143743,1143743,0,0,0,0
Lesotho,2022,1131048,1131048,1131048,1131048,1131048,0,0,0,0
Lesotho,2023,1110897,1117503,1124772,1124081,1106535,-6606,7269,6578,-10968
Lesotho,2024,1090760,1103902,1118423,1117050,1082122,-13142,14521,13148,-21780
Lesotho,2025,1070657,1090257,1112002,1109957,1057836,-19600,21745,19700,-32421
Lesotho,2026,1041378,1070610,1103152,1100021,1022529,-29232,32542,29411,-48081
Lesotho,2027,1012437,1051003,1094247,1090042,987791,-38566,43244,39039,-63212
Lesotho,2028,983838,1031501,1085290,1080026,953637,-47663,53789,48525,-77864
Lesotho,2029,955607,1012093,1076258,1069950,920101,-56486,64165,57857,-91992
Lesotho,2030,927766,992791,1067208,1059870,887211,-65025,74417,67079,-105580
Lesotho,2031,895732,969530,1055387,1047150,849790,-73798,85857,77620,-119740
Liberia,2015,3206401,3206401,3206401,3206401,3206401,0,0,0,0
Liberia,2016,3379121,3379121,3379121,3379121,3379121,0,0,0,0
Liberia,2017,3450793,3450793,3450793,3450793,3450793,0,0,0,0
Liberia,2018,3463215,3463215,3463215,3463215,3463215,0,0,0,0
Liberia,2019,3461136,3461136,3461136,3461136,3461136,0,0,0,0
Liberia,2020,3444218,3444218,3444218,3444218,3444218,0,0,0,0
Liberia,2021,3403631,3403631,3403631,3403631,3403631,0,0,0,0
Liberia,2022,3346323,3346323,3346323,3346323,3346323,0,0,0,0
Liberia,2023,3351612,3384198,3392203,3413256,3366959,-32586,8005,29058,-17239
Liberia,2024,3354210,3420959,3437692,3480784,3385167,-66749,16733,59825,-35792
Liberia,2025,3354104,3456556,3482754,3548889,3400900,-102452,26198,92333,-55656
Liberia,2026,3334446,3479458,3530638,3614806,3386502,-145012,51180,135348,-92956
Liberia,2027,3312023,3501019,3578515,3681414,3368915,-188996,77496,180395,-132104
Liberia,2028,3287047,3521211,3626366,3748707,3348324,-234164,105155,227496,-172887
Liberia,2029,3258993,3540004,3674171,3816676,3324209,-281011,134167,276672,-215795
Liberia,2030,3228731,3557200,3721910,3885313,3297461,-328469,164710,328113,-259739
Liberia,2031,3185058,3558849,3765810,3946603,3250896,-373791,206961,387754,-307953
Libya,2015,925716,925716,925716,925716,925716,0,0,0,0
Libya,2016,992950,992950,992950,992950,992950,0,0,0,0
Libya,2017,504116,504116,504116,504116,504116,0,0,0,0
Libya,2018,489108,489108,489108,489108,489108,0,0,0,0
Libya,2019,475764,475764,475764,475764,475764,0,0,0,0
Libya,2020,460893,460893,460893,460893,460893,0,0,0,0
Libya,2021,444367,444367,444367,444367,444367,0,0,0,0
Libya,2022,426923,426923,426923,426923,426923,0,0,0,0
Libya,2023,468116,468404,468519,459729,472883,-288,115,-8675,4479
Libya,2024,513947,514559,514783,495479,524619,-612,224,-19080,10060
Libya,2025,565006,565981,566305,534470,582951,-975,324,-31511,16970
Libya,2026,630986,629028,627137,580741,665552,1958,-1891,-48287,36524
Libya,2027,705960,700221,695500,631701,761805,5739,-4721,-68520,61584
Libya,2028,791311,780745,772440,687889,874257,10566,-8305,-92856,93512
Libya,2029,888661,871975,859162,749910,1005985,16686,-12813,-122065,134010
Libya,2030,999910,975510,957059,818450,1160711,24400,-18451,-157060,185201
Libya,2031,1143794,1105299,1076801,903490,1372671,38495,-28498,-201809,267372
Lithuania,2015,21452,21452,21452,21452,21452,0,0,0,0
Lithuania,2016,20609,20609,20609,20609,20609,0,0,0,0
Lithuania,2017,19847,19847,19847,19847,19847,0,0,0,0
Lithuania,2018,19162,19162,19162,19162,19162,0,0,0,0
Lithuania,2019,18532,18532,18532,18532,18532,0,0,0,0
Lithuania,2020,17934,17934,17934,17934,17934,0,0,0,0
Lithuania,2021,17361,17361,17361,17361,17361,0,0,0,0
Lithuania,2022,16824,16824,16824,16824,16824,0,0,0,0
Lithuania,2023,16386,16425,16499,16408,16335,-39,74,-17,-90
Lithuania,2024,15951,16030,16181,15998,15847,-79,151,-32,-183
Lithuania,2025,15521,15634,15852,15587,15373,-113,218,-47,-261
Lithuania,2026,15138,15294,15586,15226,15110,-156,292,-68,-184
Lithuania,2027,14940,15133,15330,15045,14704,-193,197,-88,-429
Lithuania,2028,14593,14822,15250,14713,14321,-229,428,-109,-501
Lithuania,2029,14263,14523,15012,14396,13958,-260,489,-127,-565
Lithuania,2030,13950,14238,14783,14091,13616,-288,545,-147,-622
Lithuania,2031,13659,13966,14560,13805,13299,-307,594,-161,-667
Luxembourg,2015,1633,1633,1633,1633,1633,0,0,0,0
Luxembourg,2016,1648,1648,1648,1648,1648,0,0,0,0
Luxembourg,2017,1659,1659,1659,1659,1659,0,0,0,0
Luxembourg,2018,1669,1669,1669,1669,1669,0,0,0,0
Luxembourg,2019,1666,1666,1666,1666,1666,0,0,0,0
Luxembourg,2020,1677,1677,1677,1677,1677,0,0,0,0
Luxembourg,2021,1689,1689,1689,1689,1689,0,0,0,0
Luxembourg,2022,1704,1704,1704,1704,1704,0,0,0,0
Luxembourg,2023,1721,1721,1707,1718,1734,0,-14,-3,13
Luxembourg,2024,1740,1738,1710,1734,1765,2,-28,-4,27
Luxembourg,2025,1758,1756,1714,1749,1796,2,-42,-7,40
Luxembourg,2026,1776,1773,1716,1763,1827,3,-57,-10,54
Luxembourg,2027,1794,1790,1719,1777,1858,4,-71,-13,68
Luxembourg,2028,1812,1808,1721,1791,1889,4,-87,-17,81
Luxembourg,2029,1830,1826,1724,1805,1922,4,-102,-21,96
Luxembourg,2030,1849,1844,1726,1820,1955,5,-118,-24,111
Luxembourg,2031,1867,1861,1727,1833,1985,6,-134,-28,124
Macao,2015,1587,1587,1587,1587,1587,0,0,0,0
Macao,2016,1642,1642,1642,1642,1642,0,0,0,0
Macao,2017,1599,1599,1599,1599,1599,0,0,0,0
Macao,2018,1571,1571,1571,1571,1571,0,0,0,0
Macao,2019,1536,1536,1536,1536,1536,0,0,0,0
Macao,2020,1494,1494,1494,1494,1494,0,0,0,0
Macao,2021,1444,1444,1444,1444,1444,0,0,0,0
Macao,2022,1392,1392,1392,1392,1392,0,0,0,0
Macao,2023,1364,1366,1362,1365,1370,-2,-4,-1,4
Macao,2024,1337,1341,1333,1339,1349,-4,-8,-2,8
Macao,2025,1310,1316,1305,1313,1328,-6,-11,-3,12
Macao,2026,1284,1292,1276,1287,1307,-8,-16,-5,15
Macao,2027,1258,1268,1248,1261,1287,-10,-20,-7,19
Macao,2028,1233,1245,1220,1236,1267,-12,-25,-9,22
Macao,2029,1208,1222,1192,1211,1248,-14,-30,-11,26
Macao,2030,1183,1199,1166,1187,1228,-16,-33,-12,29
Macao,2031,1158,1175,1137,1161,1208,-17,-38,-14,33
Macedonia,2015,20199,20199,20199,20199,20199,0,0,0,0
Macedonia,2016,17255,17255,17255,17255,17255,0,0,0,0
Macedonia,2017,13902,13902,13902,13902,13902,0,0,0,0
Macedonia,2018,10948,10948,10948,10948,10948,0,0,0,0
Macedonia,2019,8403,8403,8403,8403,8403,0,0,0,0
Macedonia,2020,6360,6360,6360,6360,6360,0,0,0,0
Macedonia,2021,4802,4802,4802,4802,4802,0,0,0,0
Macedonia,2022,3674,3674,3674,3674,3674,0,0,0,0
Macedonia,2023,2814,2877,2913,2876,2787,-63,36,-1,-90
Macedonia,2024,2229,2239,2396,2236,2235,-10,157,-3,-4
Macedonia,2025,1698,1903,1944,1899,1669,-205,41,-4,-234
Macedonia,2026,1448,1515,1551,1510,1423,-67,36,-5,-92
Macedonia,2027,1186,1214,1263,1210,1065,-28,49,-4,-149
Macedonia,2028,892,1054,1061,1055,955,-162,7,1,-99
Macedonia,2029,790,929,903,929,668,-139,-26,0,-261
Macedonia,2030,662,667,826,659,539,-5,159,-8,-128
Macedonia,2031,533,669,664,660,447,-136,-5,-9,-222
Madagascar,2015,19103703,19103703,19103703,19103703,19103703,0,0,0,0
Madagascar,2016,19510608,19510608,19510608,19510608,19510608,0,0,0,0
Madagascar,2017,19881391,19881391,19881391,19881391,19881391,0,0,0,0
Madagascar,2018,20219952,20219952,20219952,20219952,20219952,0,0,0,0
Madagascar,2019,20533042,20533042,20533042,20533042,20533042,0,0,0,0
Madagascar,2020,20840988,20840988,20840988,20840988,20840988,0,0,0,0
Madagascar,2021,21133596,21133596,21133596,21133596,21133596,0,0,0,0
Madagascar,2022,21412896,21412896,21412896,21412896,21412896,0,0,0,0
Madagascar,2023,21446516,21606745,21788411,21796934,21406893,-160229,181666,190189,-199852
Madagascar,2024,21467384,21793835,22166335,22183716,21385292,-326451,372500,389881,-408543
Madagascar,2025,21475174,21973636,22546552,22573131,21347600,-498462,572916,599495,-626036
Madagascar,2026,21351429,22077955,22897574,22926085,21142371,-726526,819619,848130,-935584
Madagascar,2027,21210342,22173819,23249966,23280253,20916142,-963477,1076147,1106434,-1257677
Madagascar,2028,21053888,22258566,23603475,23635366,20669910,-1204678,1344909,1376800,-1588656
Madagascar,2029,20881844,22333982,23960092,23993409,20404324,-1452138,1626110,1659427,-1929658
Madagascar,2030,20694537,22399417,24315463,24350009,20120094,-1704880,1916046,1950592,-2279323
Madagascar,2031,20407392,22392007,24620693,24656347,19718642,-1984615,2228686,2264340,-2673365
Malawi,2015,11407202,11407202,11407202,11407202,11407202,0,0,0,0
Malawi,2016,11830998,11830998,11830998,11830998,11830998,0,0,0,0
Malawi,2017,12077022,12077022,12077022,12077022,12077022,0,0,0,0
Malawi,2018,12278688,12278688,12278688,12278688,12278688,0,0,0,0
Malawi,2019,12427707,12427707,12427707,12427707,12427707,0,0,0,0
Malawi,2020,12565383,12565383,12565383,12565383,12565383,0,0,0,0
Malawi,2021,12690090,12690090,12690090,12690090,12690090,0,0,0,0
Malawi,2022,12801186,12801186,12801186,12801186,12801186,0,0,0,0
Malawi,2023,12697353,12850778,12977197,12973239,12654605,-153425,126419,122461,-196173
Malawi,2024,12576627,12890227,13150006,13141919,12488594,-313600,259779,251692,-401633
Malawi,2025,12439135,12919275,13319358,13306970,12303480,-480140,400083,387695,-615795
Malawi,2026,12192008,12905170,13509793,13486730,11971042,-713162,604623,581560,-934128
Malawi,2027,11926559,12879257,13698131,13663840,11617233,-952698,818874,784583,-1262024
Malawi,2028,11643574,12841396,13884156,13838076,11243525,-1197822,1042760,996680,-1597871
Malawi,2029,11343908,12791466,14067651,14009209,10851489,-1447558,1276185,1217743,-1939977
Malawi,2030,11028375,12729372,14248391,14177009,10443388,-1700997,1519019,1447637,-2285984
Malawi,2031,10655881,12625324,14428477,14344590,9959651,-1969443,1803153,1719266,-2665673
Malaysia,2015,534803,534803,534803,534803,534803,0,0,0,0
Malaysia,2016,510364,510364,510364,510364,510364,0,0,0,0
Malaysia,2017,485210,485210,485210,485210,485210,0,0,0,0
Malaysia,2018,459990,459990,459990,459990,459990,0,0,0,0
Malaysia,2019,434964,434964,434964,434964,434964,0,0,0,0
Malaysia,2020,411323,411323,411323,411323,411323,0,0,0,0
Malaysia,2021,389260,389260,389260,389260,389260,0,0,0,0
Malaysia,2022,368315,368315,368315,368315,368315,0,0,0,0
Malaysia,2023,347374,349671,352575,349844,346556,-2297,2904,173,-3115
Malaysia,2024,327729,332054,337565,332373,326201,-4325,5511,319,-5853
Malaysia,2025,309294,315405,323250,315843,307153,-6111,7845,438,-8252
Malaysia,2026,290795,299076,309747,299356,287623,-8281,10671,280,-11453
Malaysia,2027,273500,283666,296853,283795,269450,-10166,13187,129,-14216
Malaysia,2028,257324,269120,284539,269104,252534,-11796,15419,-16,-16586
Malaysia,2029,242190,255385,272778,255232,236780,-13195,17393,-153,-18605
Malaysia,2030,228025,242413,261542,242130,222103,-14388,19129,-283,-20310
Malaysia,2031,214495,229809,250432,229409,208043,-15314,20623,-400,-21766
Maldives,2015,13926,13926,13926,13926,13926,0,0,0,0
Maldives,2016,13136,13136,13136,13136,13136,0,0,0,0
Maldives,2017,12261,12261,12261,12261,12261,0,0,0,0
Maldives,2018,11177,11177,11177,11177,11177,0,0,0,0
Maldives,2019,10124,10124,10124,10124,10124,0,0,0,0
Maldives,2020,9150,9150,9150,9150,9150,0,0,0,0
Maldives,2021,8254,8254,8254,8254,8254,0,0,0,0
Maldives,2022,7424,7424,7424,7424,7424,0,0,0,0
Maldives,2023,6246,6430,6557,6495,6133,-184,127,65,-297
Maldives,2024,5276,5583,5802,5694,5090,-307,219,111,-493
Maldives,2025,4478,4864,5148,5006,4251,-386,284,142,-613
Maldives,2026,3744,4238,4639,4394,3463,-494,401,156,-775
Maldives,2027,3170,3694,4197,3882,2860,-524,503,188,-834
Maldives,2028,2712,3250,3786,3417,2382,-538,536,167,-868
Maldives,2029,2317,2876,3443,3037,2009,-559,567,161,-867
Maldives,2030,2006,2543,3139,2722,1711,-537,596,179,-832
Maldives,2031,1734,2251,2890,2415,1453,-517,639,164,-798
Mali,2015,5511350,5511350,5511350,5511350,5511350,0,0,0,0
Mali,2016,5453796,5453796,5453796,5453796,5453796,0,0,0,0
Mali,2017,5410437,5410437,5410437,5410437,5410437,0,0,0,0
Mali,2018,5409863,5409863,5409863,5409863,5409863,0,0,0,0
Mali,2019,5407691,5407691,5407691,5407691,5407691,0,0,0,0
Mali,2020,5399087,5399087,5399087,5399087,5399087,0,0,0,0
Mali,2021,5383551,5383551,5383551,5383551,5383551,0,0,0,0
Mali,2022,5361522,5361522,5361522,5361522,5361522,0,0,0,0
Mali,2023,5198004,5267931,5378589,5365734,5141775,-69927,110658,97803,-126156
Mali,2024,5030757,5169924,5393484,5367421,4918779,-139167,223560,197497,-251145
Mali,2025,4859918,5067494,5406118,5366497,4692827,-207576,338624,299003,-374667
Mali,2026,4617126,4915621,5409927,5354070,4391145,-298495,494306,438449,-524476
Mali,2027,4374281,4758154,5411325,5338846,4091519,-383873,653171,580692,-666635
Mali,2028,4130339,4598158,5410233,5320748,3793171,-467819,812075,722590,-804987
Mali,2029,3885695,4434300,5406567,5299699,3496776,-548605,972267,865399,-937524
Mali,2030,3640775,4266721,5400246,5273979,3203084,-625946,1133525,1007258,-1063637
Mali,2031,3362747,4069547,5369233,5229025,2885002,-706800,1299686,1159478,-1184545
Malta,2015,255,255,255,255,255,0,0,0,0
Malta,2016,249,249,249,249,249,0,0,0,0
Malta,2017,245,245,245,245,245,0,0,0,0
Malta,2018,240,240,240,240,240,0,0,0,0
Malta,2019,260,260,260,260,260,0,0,0,0
Malta,2020,254,254,254,254,254,0,0,0,0
Malta,2021,249,249,249,249,249,0,0,0,0
Malta,2022,244,244,244,244,244,0,0,0,0
Malta,2023,239,239,239,239,239,0,0,0,0
Malta,2024,239,240,239,239,240,-1,-1,-1,0
Malta,2025,214,214,214,213,215,0,0,-1,1
Malta,2026,214,215,214,213,215,-1,-1,-2,0
Malta,2027,214,215,214,213,216,-1,-1,-2,1
Malta,2028,214,215,214,214,216,-1,-1,-1,1
Malta,2029,215,216,215,214,217,-1,-1,-2,1
Malta,2030,206,209,215,206,207,-3,6,-3,-2
Malta,2031,203,206,206,203,204,-3,0,-3,-2
Mauritania,2015,248238,248238,248238,248238,248238,0,0,0,0
Mauritania,2016,262168,262168,262168,262168,262168,0,0,0,0
Mauritania,2017,256122,256122,256122,256122,256122,0,0,0,0
Mauritania,2018,259031,259031,259031,259031,259031,0,0,0,0
Mauritania,2019,245619,245619,245619,245619,245619,0,0,0,0
Mauritania,2020,227758,227758,227758,227758,227758,0,0,0,0
Mauritania,2021,215617,215617,215617,215617,215617,0,0,0,0
Mauritania,2022,207317,207317,207317,207317,207317,0,0,0,0
Mauritania,2023,192289,196915,202016,202189,190887,-4626,5101,5274,-6028
Mauritania,2024,178011,186649,197013,197350,175429,-8638,10364,10701,-11220
Mauritania,2025,164731,176942,191862,192353,161130,-12211,14920,15411,-15812
Mauritania,2026,150245,166928,187888,188004,145112,-16683,20960,21076,-21816
Mauritania,2027,136996,157415,183972,183728,130540,-20419,26557,26313,-26875
Mauritania,2028,124825,148451,180112,179519,117406,-23626,31661,31068,-31045
Mauritania,2029,113730,139905,176309,175381,105585,-26175,36404,35476,-34320
Mauritania,2030,103580,131835,172567,171317,95195,-28255,40732,39482,-36640
Mauritania,2031,94107,123585,168400,166580,84992,-29478,44815,42995,-38593
Mauritius,2015,3547,3547,3547,3547,3547,0,0,0,0
Mauritius,2016,3218,3218,3218,3218,3218,0,0,0,0
Mauritius,2017,2896,2896,2896,2896,2896,0,0,0,0
Mauritius,2018,2625,2625,2625,2625,2625,0,0,0,0
Mauritius,2019,2381,2381,2381,2381,2381,0,0,0,0
Mauritius,2020,2168,2168,2168,2168,2168,0,0,0,0
Mauritius,2021,1982,1982,1982,1982,1982,0,0,0,0
Mauritius,2022,1839,1839,1839,1839,1839,0,0,0,0
Mauritius,2023,1705,1734,1748,1743,1691,-29,14,9,-43
Mauritius,2024,1564,1614,1644,1633,1539,-50,30,19,-75
Mauritius,2025,1521,1588,1548,1533,1489,-67,-40,-55,-99
Mauritius,2026,1411,1496,1553,1522,1394,-85,57,26,-102
Mauritius,2027,1315,1415,1484,1441,1257,-100,69,26,-158
Mauritius,2028,1226,1331,1423,1396,1171,-105,92,65,-160
Mauritius,2029,1148,1267,1346,1288,1082,-119,79,21,-185
Mauritius,2030,1072,1215,1302,1236,1084,-143,87,21,-131
Mauritius,2031,1081,1146,1260,1186,1010,-65,114,40,-136
Mexico,2015,2939263,2939263,2939263,2939263,2939263,0,0,0,0
Mexico,2016,2839985,2839985,2839985,2839985,2839985,0,0,0,0
Mexico,2017,2819076,2819076,2819076,2819076,2819076,0,0,0,0
Mexico,2018,2755074,2755074,2755074,2755074,2755074,0,0,0,0
Mexico,2019,2594088,2594088,2594088,2594088,2594088,0,0,0,0
Mexico,2020,2446853,2446853,2446853,2446853,2446853,0,0,0,0
Mexico,2021,2287668,2287668,2287668,2287668,2287668,0,0,0,0
Mexico,2022,2136413,2136413,2136413,2136413,2136413,0,0,0,0
Mexico,2023,1942746,1980884,2030730,1978885,1914002,-38138,49846,-1999,-66882
Mexico,2024,1765176,1835664,1930664,1831983,1712924,-70488,95000,-3681,-122740
Mexico,2025,1602598,1700099,1834444,1695014,1531563,-97501,134345,-5085,-168536
Mexico,2026,1444117,1573541,1755053,1564987,1350302,-129424,181512,-8554,-223239
Mexico,2027,1300797,1455910,1678754,1444437,1190052,-155113,222844,-11473,-265858
Mexico,2028,1171509,1346764,1605495,1332864,1048824,-175255,258731,-13900,-297940
Mexico,2029,1055059,1245653,1535220,1229760,927911,-190594,289567,-15893,-317742
Mexico,2030,954240,1152123,1467866,1134617,816381,-197883,315743,-17506,-335742
Mexico,2031,853170,1064341,1407118,1046083,717318,-211171,342777,-18258,-347023
Micronesia (country),2015,30406,30406,30406,30406,30406,0,0,0,0
Micronesia (country),2016,30201,30201,30201,30201,30201,0,0,0,0
Micronesia (country),2017,30038,30038,30038,30038,30038,0,0,0,0
Micronesia (country),2018,30039,30039,30039,30039,30039,0,0,0,0
Micronesia (country),2019,30176,30176,30176,30176,30176,0,0,0,0
Micronesia (country),2020,30426,30426,30426,30426,30426,0,0,0,0
Micronesia (country),2021,30688,30688,30688,30688,30688,0,0,0,0
Micronesia (country),2022,30986,30986,30986,30986,30986,0,0,0,0
Micronesia (country),2023,30727,30914,31517,31105,30275,-187,603,191,-639
Micronesia (country),2024,30470,30842,32058,31225,29579,-372,1216,383,-1263
Micronesia (country),2025,30216,30770,32608,31345,28898,-554,1838,575,-1872
Micronesia (country),2026,29840,30603,33122,31394,28065,-763,2519,791,-2538
Micronesia (country),2027,29468,30437,33644,31443,27254,-969,3207,1006,-3183
Micronesia (country),2028,29101,30272,34174,31492,26465,-1171,3902,1220,-3807
Micronesia (country),2029,28738,30108,34713,31541,25698,-1370,4605,1433,-4410
Micronesia (country),2030,28379,29944,35260,31590,24951,-1565,5316,1646,-4993
Micronesia (country),2031,27942,29683,35686,31525,24111,-1741,6003,1842,-5572
Moldova,2015,828,828,828,828,828,0,0,0,0
Moldova,2016,788,788,788,788,788,0,0,0,0
Moldova,2017,507,507,507,507,507,0,0,0,0
Moldova,2018,648,648,648,648,648,0,0,0,0
Moldova,2019,498,498,498,498,498,0,0,0,0
Moldova,2020,251,251,251,251,251,0,0,0,0
Moldova,2021,251,251,251,251,251,0,0,0,0
Moldova,2022,369,369,369,369,369,0,0,0,0
Moldova,2023,123,123,124,123,123,0,1,0,0
Moldova,2024,122,122,123,122,121,0,1,0,-1
Moldova,2025,120,121,123,120,59,-1,2,-1,-62
Moldova,2026,59,60,61,59,58,-1,1,-1,-2
Moldova,2027,59,59,60,59,57,0,1,0,-2
Moldova,2028,58,58,60,58,56,0,2,0,-2
Moldova,2029,57,58,60,57,55,-1,2,-1,-3
Moldova,2030,28,57,59,56,27,-29,2,-1,-30
Moldova,2031,28,28,59,28,27,0,31,0,-1
Mongolia,2015,6861,6861,6861,6861,6861,0,0,0,0
Mongolia,2016,7113,7113,7113,7113,7113,0,0,0,0
Mongolia,2017,7569,7569,7569,7569,7569,0,0,0,0
Mongolia,2018,7656,7656,7656,7656,7656,0,0,0,0
Mongolia,2019,6268,6268,6268,6268,6268,0,0,0,0
Mongolia,2020,5650,5650,5650,5650,5650,0,0,0,0
Mongolia,2021,4978,4978,4978,4978,4978,0,0,0,0
Mongolia,2022,4228,4228,4228,4228,4228,0,0,0,0
Mongolia,2023,3710,3829,3741,3839,3645,-119,-88,10,-184
Mongolia,2024,3186,3319,3542,3307,3106,-133,223,-12,-213
Mongolia,2025,2828,3018,3205,3027,2701,-190,187,9,-317
Mongolia,2026,2445,2744,3008,2763,2499,-299,264,19,-245
Mongolia,2027,2339,2451,2803,2470,2186,-112,352,19,-265
Mongolia,2028,2043,2417,2581,2431,2025,-374,164,14,-392
Mongolia,2029,1949,2209,2602,2227,1688,-260,393,18,-521
Mongolia,2030,1702,2151,2436,1970,1519,-449,285,-181,-632
Mongolia,2031,1532,1958,2310,1978,1568,-426,352,20,-390
Montenegro,2015,151,151,151,151,151,0,0,0,0
Montenegro,2016,135,135,135,135,135,0,0,0,0
Montenegro,2017,147,147,147,147,147,0,0,0,0
Montenegro,2018,124,124,124,124,124,0,0,0,0
Montenegro,2019,116,116,116,116,116,0,0,0,0
Montenegro,2020,78,78,78,78,78,0,0,0,0
Montenegro,2021,78,78,78,78,78,0,0,0,0
Montenegro,2022,92,92,92,92,92,0,0,0,0
Montenegro,2023,81,82,83,82,80,-1,1,0,-2
Montenegro,2024,106,108,111,108,105,-2,3,0,-3
Montenegro,2025,94,97,100,96,93,-3,3,-1,-4
Montenegro,2026,83,87,92,86,81,-4,5,-1,-6
Montenegro,2027,78,78,83,78,40,0,5,0,-38
Montenegro,2028,39,40,79,39,40,-1,39,-1,0
Montenegro,2029,40,40,40,39,40,0,0,-1,0
Montenegro,2030,40,40,40,39,40,0,0,-1,0
Montenegro,2031,40,40,40,39,40,0,0,-1,0
Morocco,2015,189155,189155,189155,189155,189155,0,0,0,0
Morocco,2016,189079,189079,189079,189079,189079,0,0,0,0
Morocco,2017,160645,160645,160645,160645,160645,0,0,0,0
Morocco,2018,139076,139076,139076,139076,139076,0,0,0,0
Morocco,2019,119154,119154,119154,119154,119154,0,0,0,0
Morocco,2020,100067,100067,100067,100067,100067,0,0,0,0
Morocco,2021,85540,85540,85540,85540,85540,0,0,0,0
Morocco,2022,72209,72209,72209,72209,72209,0,0,0,0
Morocco,2023,60442,61998,64735,62803,56960,-1556,2737,805,-5038
Morocco,2024,48968,51941,57227,53530,46692,-2973,5286,1589,-5249
Morocco,2025,42364,44343,52031,46688,39587,-1979,7688,2345,-4756
Morocco,2026,34246,38013,47166,42165,31543,-3767,9153,4152,-6470
Morocco,2027,29109,33522,44713,35715,25791,-4413,11191,2193,-7731
Morocco,2028,24170,29360,39594,31975,22586,-5190,10234,2615,-6774
Morocco,2029,21727,25308,36318,28331,17156,-3581,11010,3023,-8152
Morocco,2030,17328,23722,33695,24780,15691,-6394,9973,1058,-8031
Morocco,2031,16019,19376,31115,23632,11984,-3357,11739,4256,-7392
Mozambique,2015,18703616,18703616,18703616,18703616,18703616,0,0,0,0
Mozambique,2016,19131039,19131039,19131039,19131039,19131039,0,0,0,0
Mozambique,2017,19399557,19399557,19399557,19399557,19399557,0,0,0,0
Mozambique,2018,19506906,19506906,19506906,19506906,19506906,0,0,0,0
Mozambique,2019,19515537,19515537,19515537,19515537,19515537,0,0,0,0
Mozambique,2020,19416867,19416867,19416867,19416867,19416867,0,0,0,0
Mozambique,2021,19284741,19284741,19284741,19284741,19284741,0,0,0,0
Mozambique,2022,17698103,17698103,17698103,17698103,17698103,0,0,0,0
Mozambique,2023,17070769,17248828,17430671,17424360,17003497,-178059,181843,175532,-245331
Mozambique,2024,16420158,16777437,17144630,17131864,16284250,-357279,367193,354427,-493187
Mozambique,2025,15749800,16285825,16840716,16821380,15544798,-536025,554891,535555,-741027
Mozambique,2026,14988524,15769784,16606534,16574425,14665542,-781260,836750,804641,-1104242
Mozambique,2027,14218448,15239942,16359419,16314368,13780126,-1021494,1119477,1074426,-1459816
Mozambique,2028,13443846,14698308,16099852,16041739,12894529,-1254462,1401544,1343431,-1803779
Mozambique,2029,12668944,14146932,15828351,15757101,12014581,-1477988,1681419,1610169,-2132351
Mozambique,2030,11897877,13587891,15545462,15461052,11145904,-1690014,1957571,1873161,-2441987
Mozambique,2031,11090269,13003755,15252780,15161092,10232007,-1913486,2249025,2157337,-2771748
Myanmar,2015,7562644,7562644,7562644,7562644,7562644,0,0,0,0
Myanmar,2016,6861966,6861966,6861966,6861966,6861966,0,0,0,0
Myanmar,2017,6123176,6123176,6123176,6123176,6123176,0,0,0,0
Myanmar,2018,5462373,5462373,5462373,5462373,5462373,0,0,0,0
Myanmar,2019,4885662,4885662,4885662,4885662,4885662,0,0,0,0
Myanmar,2020,4369526,4369526,4369526,4369526,4369526,0,0,0,0
Myanmar,2021,3908808,3908808,3908808,3908808,3908808,0,0,0,0
Myanmar,2022,3497844,3497844,3497844,3497844,3497844,0,0,0,0
Myanmar,2023,3092917,3132644,3166468,3141067,3066508,-39727,33824,8423,-66136
Myanmar,2024,2738435,2808470,2868953,2823322,2692418,-70035,60483,14852,-116052
Myanmar,2025,2427712,2520418,2601612,2540076,2367488,-92706,81194,19658,-152930
Myanmar,2026,2148359,2275858,2381349,2306563,2070180,-127499,105491,30705,-205678
Myanmar,2027,1903610,2056796,2181136,2095977,1813111,-153186,124340,39181,-243685
Myanmar,2028,1688903,1860406,1999034,1905934,1590481,-171503,138628,45528,-269925
Myanmar,2029,1500309,1684192,1833297,1734314,1397371,-183883,149105,50122,-286821
Myanmar,2030,1334444,1525948,1682362,1579222,1229607,-191504,156414,53274,-296341
Myanmar,2031,1187574,1386873,1551668,1449841,1082462,-199299,164795,62968,-304411
Namibia,2015,524800,524800,524800,524800,524800,0,0,0,0
Namibia,2016,551142,551142,551142,551142,551142,0,0,0,0
Namibia,2017,554357,554357,554357,554357,554357,0,0,0,0
Namibia,2018,547144,547144,547144,547144,547144,0,0,0,0
Namibia,2019,543094,543094,543094,543094,543094,0,0,0,0
Namibia,2020,540875,540875,540875,540875,540875,0,0,0,0
Namibia,2021,539258,539258,539258,539258,539258,0,0,0,0
Namibia,2022,536957,536957,536957,536957,536957,0,0,0,0
Namibia,2023,519083,523076,527598,527377,517413,-3993,4522,4301,-5663
Namibia,2024,500903,508894,517964,517515,497553,-7991,9070,8621,-11341
Namibia,2025,482379,494386,508040,507357,477329,-12007,13654,12971,-17057
Namibia,2026,460863,478390,498409,496447,452977,-17527,20019,18057,-25413
Namibia,2027,438955,462059,488498,485233,428170,-23104,26439,23174,-33889
Namibia,2028,416570,445346,478291,473695,402784,-28776,32945,28349,-42562
Namibia,2029,393597,428201,467766,461803,376649,-34604,39565,33602,-51552
Namibia,2030,369885,410561,456897,449528,349712,-40676,46336,38967,-60849
Namibia,2031,345419,392137,445306,435710,320715,-46718,53169,43573,-71422
Nepal,2015,2504420,2504420,2504420,2504420,2504420,0,0,0,0
Nepal,2016,2600751,2600751,2600751,2600751,2600751,0,0,0,0
Nepal,2017,2186292,2186292,2186292,2186292,2186292,0,0,0,0
Nepal,2018,1891133,1891133,1891133,1891133,1891133,0,0,0,0
Nepal,2019,1673577,1673577,1673577,1673577,1673577,0,0,0,0
Nepal,2020,1469675,1469675,1469675,1469675,1469675,0,0,0,0
Nepal,2021,1274039,1274039,1274039,1274039,1274039,0,0,0,0
Nepal,2022,1093167,1093167,1093167,1093167,1093167,0,0,0,0
Nepal,2023,915225,961461,1012548,1007366,894114,-46236,51087,45905,-67347
Nepal,2024,756764,838816,933472,923668,720441,-82052,94656,84852,-118375
Nepal,2025,619596,727405,858069,844223,573706,-107809,130664,116818,-153699
Nepal,2026,480147,619722,788630,768835,422555,-139575,168908,149113,-197167
Nepal,2027,368654,525256,723036,698208,307028,-156602,197780,172952,-218228
Nepal,2028,282005,443150,661380,632463,223223,-161145,218230,189313,-219927
Nepal,2029,214806,372547,603831,571632,161181,-157741,231284,199085,-211366
Nepal,2030,162539,313310,550239,515565,117875,-150771,236929,202255,-195435
Nepal,2031,120482,258325,503454,467988,82774,-137843,245129,209663,-175551
Netherlands,2015,55031,55031,55031,55031,55031,0,0,0,0
Netherlands,2016,54890,54890,54890,54890,54890,0,0,0,0
Netherlands,2017,54738,54738,54738,54738,54738,0,0,0,0
Netherlands,2018,54637,54637,54637,54637,54637,0,0,0,0
Netherlands,2019,54554,54554,54554,54554,54554,0,0,0,0
Netherlands,2020,54478,54478,54478,54478,54478,0,0,0,0
Netherlands,2021,54407,54407,54407,54407,54407,0,0,0,0
Netherlands,2022,54336,54336,54336,54336,54336,0,0,0,0
Netherlands,2023,54413,54378,54180,54292,54570,35,-198,-86,192
Netherlands,2024,54492,54422,54027,54249,54807,70,-395,-173,385
Netherlands,2025,54572,54468,53876,54209,55046,104,-592,-259,578
Netherlands,2026,54641,54496,53660,54122,55303,145,-836,-374,807
Netherlands,2027,54711,54526,53446,54036,55561,185,-1080,-490,1035
Netherlands,2028,54783,54557,53235,53953,55823,226,-1322,-604,1266
Netherlands,2029,54857,54590,53027,53871,56086,267,-1563,-719,1496
Netherlands,2030,54932,54624,52821,53791,56352,308,-1803,-833,1728
Netherlands,2031,54981,54621,52560,53676,56593,360,-2061,-945,1972
New Zealand,2015,687,687,687,687,687,0,0,0,0
New Zealand,2016,670,670,670,670,670,0,0,0,0
New Zealand,2017,661,661,661,661,661,0,0,0,0
New Zealand,2018,654,654,654,654,654,0,0,0,0
New Zealand,2019,649,649,649,649,649,0,0,0,0
New Zealand,2020,644,644,644,644,644,0,0,0,0
New Zealand,2021,639,639,639,639,639,0,0,0,0
New Zealand,2022,634,634,634,634,634,0,0,0,0
New Zealand,2023,632,632,629,630,634,0,-3,-2,2
New Zealand,2024,630,630,623,627,635,0,-7,-3,5
New Zealand,2025,627,628,618,623,635,-1,-10,-5,7
New Zealand,2026,624,625,612,618,634,-1,-13,-7,9
New Zealand,2027,920,924,899,909,939,-4,-25,-15,15
New Zealand,2028,912,917,887,899,934,-5,-30,-18,17
New Zealand,2029,905,910,876,889,930,-5,-34,-21,20
New Zealand,2030,897,904,865,880,925,-7,-39,-24,21
New Zealand,2031,888,896,853,869,918,-8,-43,-27,22
Nicaragua,2015,495177,495177,495177,495177,495177,0,0,0,0
Nicaragua,2016,461948,461948,461948,461948,461948,0,0,0,0
Nicaragua,2017,432799,432799,432799,432799,432799,0,0,0,0
Nicaragua,2018,405843,405843,405843,405843,405843,0,0,0,0
Nicaragua,2019,379057,379057,379057,379057,379057,0,0,0,0
Nicaragua,2020,351763,351763,351763,351763,351763,0,0,0,0
Nicaragua,2021,326791,326791,326791,326791,326791,0,0,0,0
Nicaragua,2022,302500,302500,302500,302500,302500,0,0,0,0
Nicaragua,2023,268871,274841,284124,277960,264055,-5970,9283,3119,-10786
Nicaragua,2024,238107,248904,266922,255403,229563,-10797,18018,6499,-19341
Nicaragua,2025,210442,225141,250245,234140,199064,-14699,25104,8999,-26077
Nicaragua,2026,182560,201758,234535,213783,168192,-19198,32777,12025,-33566
Nicaragua,2027,157963,180484,219624,194975,142125,-22521,39140,14491,-38359
Nicaragua,2028,136895,161204,205504,177592,119679,-24309,44300,16388,-41525
Nicaragua,2029,118273,144268,192112,161601,100819,-25995,47844,17333,-43449
Nicaragua,2030,102253,128725,179466,147367,85092,-26472,50741,18642,-43633
Nicaragua,2031,88039,114464,167789,134527,71392,-26425,53325,20063,-43072
Niger,2015,8628864,8628864,8628864,8628864,8628864,0,0,0,0
Niger,2016,8925631,8925631,8925631,8925631,8925631,0,0,0,0
Niger,2017,9149263,9149263,9149263,9149263,9149263,0,0,0,0
Niger,2018,9327352,9327352,9327352,9327352,9327352,0,0,0,0
Niger,2019,9516725,9516725,9516725,9516725,9516725,0,0,0,0
Niger,2020,9390633,9390633,9390633,9390633,9390633,0,0,0,0
Niger,2021,9429811,9429811,9429811,9429811,9429811,0,0,0,0
Niger,2022,9405873,9405873,9405873,9405873,9405873,0,0,0,0
Niger,2023,9078971,9228139,9439050,9469896,9025352,-149168,210911,241757,-202787
Niger,2024,8739416,9036691,9464398,9527935,8631937,-297275,427707,491244,-404754
Niger,2025,8387992,8831636,9481581,9579674,8226747,-443644,649945,748038,-604889
Niger,2026,7944853,8568438,9454458,9605225,7688961,-623585,886020,1036787,-879477
Niger,2027,7493989,8291985,9416929,9623006,7145851,-797996,1124944,1331021,-1146134
Niger,2028,7036827,8002683,9368672,9632689,6599878,-965856,1365989,1630006,-1402805
Niger,2029,6575124,7700992,9309365,9633943,6053278,-1125868,1608373,1932951,-1647714
Niger,2030,6110176,7387675,9238698,9626435,5506439,-1277499,1851023,2238760,-1881236
Niger,2031,5599988,7055780,9144780,9546641,4906471,-1455792,2089000,2490861,-2149309
Nigeria,2015,70203439,70203439,70203439,70203439,70203439,0,0,0,0
Nigeria,2016,76901167,76901167,76901167,76901167,76901167,0,0,0,0
Nigeria,2017,80989339,80989339,80989339,80989339,80989339,0,0,0,0
Nigeria,2018,83881602,83881602,83881602,83881602,83881602,0,0,0,0
Nigeria,2019,86845070,86845070,86845070,86845070,86845070,0,0,0,0
Nigeria,2020,89949154,89949154,89949154,89949154,89949154,0,0,0,0
Nigeria,2021,93102799,93102799,93102799,93102799,93102799,0,0,0,0
Nigeria,2022,96313552,96313552,96313552,96313552,96313552,0,0,0,0
Nigeria,2023,95841051,96801340,98142010,98112053,95460290,-960289,1340670,1310713,-1341050
Nigeria,2024,95312255,97261576,99999714,99938312,94538008,-1949321,2738138,2676736,-2723568
Nigeria,2025,94726925,97693408,101886979,101792593,93547062,-2966483,4193571,4099185,-4146346
Nigeria,2026,93647592,98125967,104338621,104157536,91809613,-4478375,6212654,6031569,-6316354
Nigeria,2027,92506404,98532392,106848402,106576096,89995845,-6025988,8316010,8043704,-8536547
Nigeria,2028,91304139,98911941,109417677,109049455,88108357,-7607802,10505736,10137514,-10803584
Nigeria,2029,90041694,99263879,112047834,111578817,86149975,-9222185,12783955,12314938,-13113904
Nigeria,2030,88720089,99587472,114740290,114165413,84123749,-10867383,15152818,14577941,-15463723
Nigeria,2031,87196102,99794100,117573970,116884392,81756614,-12597998,17779870,17090292,-18037486
Non-fragile,2015,276867864,276867864,276867864,276867864,276867864,0,0,0,0
Non-fragile,2016,235904706,235904706,235904706,235904706,235904706,0,0,0,0
Non-fragile,2017,197381724,197381724,197381724,197381724,197381724,0,0,0,0
Non-fragile,2018,161648904,161648904,161648904,161648904,161648904,0,0,0,0
Non-fragile,2019,131799748,131799748,131799748,131799748,131799748,0,0,0,0
Non-fragile,2020,108254625,108254625,108254625,108254625,108254625,0,0,0,0
Non-fragile,2021,90382904,90382904,90382904,90382904,90382904,0,0,0,0
Non-fragile,2022,77270745,77270745,77270745,77270745,77270745,0,0,0,0
Non-fragile,2023,68694852,69651738,70765349,69995301,68279940,-956886,1113611,343563,-1371798
Non-fragile,2024,63071621,64684537,66475700,65318220,62396528,-1612916,1791163,633683,-2288009
Non-fragile,2025,58666960,60757929,63091829,61684102,57810080,-2090969,2333900,926173,-2947849
Non-fragile,2026,54997512,57704957,60897038,58911622,53878330,-2707445,3192081,1206665,-3826627
Non-fragile,2027,51840495,55057215,58885342,56583784,50503748,-3216720,3828127,1526569,-4553467
Non-fragile,2028,49117155,52734122,57158386,54522272,47552187,-3616967,4424264,1788150,-5181935
Non-fragile,2029,46764670,50643849,55631620,52721426,45013811,-3879179,4987771,2077577,-5630038
Non-fragile,2030,44482298,48857617,54247854,51177015,42661727,-4375319,5390237,2319398,-6195890
North America,2015,14407727,14407727,14407727,14407727,14407727,0,0,0,0
North America,2016,14238669,14238669,14238669,14238669,14238669,0,0,0,0
North America,2017,14174759,14174759,14174759,14174759,14174759,0,0,0,0
North America,2018,13990345,13990345,13990345,13990345,13990345,0,0,0,0
North America,2019,13702187,13702187,13702187,13702187,13702187,0,0,0,0
North America,2020,13429377,13429377,13429377,13429377,13429377,0,0,0,0
North America,2021,13145544,13145544,13145544,13145544,13145544,0,0,0,0
North America,2022,12869914,12869914,12869914,12869914,12869914,0,0,0,0
North America,2023,12447924,12565412,12737293,12657293,12365660,-117488,171881,91881,-199752
North America,2024,12049832,12274703,12612280,12457977,11894512,-224871,337577,183274,-380191
North America,2025,11674508,11997684,12492160,12270660,11454399,-323176,494476,272976,-543285
North America,2026,11265321,11706138,12380609,12080197,10965597,-440817,674471,374059,-740541
North America,2027,10881097,11427910,12273306,11901210,10512950,-546813,845396,473300,-914960
North America,2028,10520282,11162672,12169844,11733293,10094012,-642390,1007172,570621,-1068660
North America,2029,10182016,10909614,12070246,11575438,9708358,-727598,1160632,665824,-1201256
North America,2030,9867955,10668151,11981148,11434307,9345057,-800196,1312997,766156,-1323094
North Korea,2015,11018563,11018563,11018563,11018563,11018563,0,0,0,0
North Korea,2016,10846592,10846592,10846592,10846592,10846592,0,0,0,0
North Korea,2017,10675736,10675736,10675736,10675736,10675736,0,0,0,0
North Korea,2018,10505949,10505949,10505949,10505949,10505949,0,0,0,0
North Korea,2019,10337180,10337180,10337180,10337180,10337180,0,0,0,0
North Korea,2020,10169377,10169377,10169377,10169377,10169377,0,0,0,0
North Korea,2021,10002498,10002498,10002498,10002498,10002498,0,0,0,0
North Korea,2022,9836495,9836495,9836495,9836495,9836495,0,0,0,0
North Korea,2023,9601291,9638265,9667761,9590568,9601504,-36974,29496,-47697,-36761
North Korea,2024,9374207,9446526,9504426,9353288,9374624,-72319,57900,-93238,-71902
North Korea,2025,9155133,9261254,9346522,9124514,9155742,-106121,85268,-136740,-105512
North Korea,2026,8903399,9038767,9160490,8858872,8904301,-135368,121723,-179895,-134466
North Korea,2027,8661305,8824371,8980938,8603676,8662483,-163066,156567,-220695,-161888
North Korea,2028,8428734,8618047,8807946,8358760,8430172,-189313,189899,-259287,-187875
North Korea,2029,8205611,8419817,8641634,8123999,8207296,-214206,221817,-295818,-212521
North Korea,2030,7991744,8229582,8481996,7899151,7993661,-237838,252414,-330431,-235921
North Korea,2031,7759470,8013636,8287726,7652305,7761813,-254166,274090,-361331,-251823
Norway,2015,13763,13763,13763,13763,13763,0,0,0,0
Norway,2016,13927,13927,13927,13927,13927,0,0,0,0
Norway,2017,14080,14080,14080,14080,14080,0,0,0,0
Norway,2018,14205,14205,14205,14205,14205,0,0,0,0
Norway,2019,14316,14316,14316,14316,14316,0,0,0,0
Norway,2020,14420,14420,14420,14420,14420,0,0,0,0
Norway,2021,14516,14516,14516,14516,14516,0,0,0,0
Norway,2022,14598,14598,14598,14598,14598,0,0,0,0
Norway,2023,14750,14741,14652,14710,14826,9,-89,-31,85
Norway,2024,14903,14885,14707,14823,15058,18,-178,-62,173
Norway,2025,15057,15031,14761,14937,15294,26,-270,-94,263
Norway,2026,15205,15170,14795,15033,15529,35,-375,-137,359
Norway,2027,15355,15310,14829,15130,15767,45,-481,-180,457
Norway,2028,15506,15452,14863,15228,16010,54,-589,-224,558
Norway,2029,15659,15595,14897,15326,16256,64,-698,-269,661
Norway,2030,15813,15739,14931,15426,16505,74,-808,-313,766
Norway,2031,15957,15871,14948,15512,16741,86,-923,-359,870
Oceania,2015,2855533,2855533,2855533,2855533,2855533,0,0,0,0
Oceania,2016,2890818,2890818,2890818,2890818,2890818,0,0,0,0
Oceania,2017,2910837,2910837,2910837,2910837,2910837,0,0,0,0
Oceania,2018,2925088,2925088,2925088,2925088,2925088,0,0,0,0
Oceania,2019,2933665,2933665,2933665,2933665,2933665,0,0,0,0
Oceania,2020,2937715,2937715,2937715,2937715,2937715,0,0,0,0
Oceania,2021,2943815,2943815,2943815,2943815,2943815,0,0,0,0
Oceania,2022,2940130,2940130,2940130,2940130,2940130,0,0,0,0
Oceania,2023,2878643,2904697,2930210,2934548,2871965,-26054,25513,29851,-32732
Oceania,2024,2816892,2868637,2919656,2928383,2803643,-51745,51019,59746,-64994
Oceania,2025,2754940,2831968,2908468,2921628,2735242,-77028,76500,89660,-96726
Oceania,2026,2685256,2797617,2905914,2922903,2654405,-112361,108297,125286,-143212
Oceania,2027,2616071,2763086,2903213,2924071,2574382,-147015,140127,160985,-188704
Oceania,2028,2546826,2727794,2899765,2924547,2494571,-180968,171971,196753,-233223
Oceania,2029,2477871,2692066,2895871,2924632,2415384,-214195,203805,232566,-276682
Oceania,2030,2409245,2655902,2891537,2924309,2336843,-246657,235635,268407,-319059
Oman,2015,7960,7960,7960,7960,7960,0,0,0,0
Oman,2016,8037,8037,8037,8037,8037,0,0,0,0
Oman,2017,8023,8023,8023,8023,8023,0,0,0,0
Oman,2018,7632,7632,7632,7632,7632,0,0,0,0
Oman,2019,7331,7331,7331,7331,7331,0,0,0,0
Oman,2020,7074,7074,7074,7074,7074,0,0,0,0
Oman,2021,6838,6838,6838,6838,6838,0,0,0,0
Oman,2022,6627,6627,6627,6627,6627,0,0,0,0
Oman,2023,6394,6457,6466,6431,6401,-63,9,-26,-56
Oman,2024,6170,6292,6308,6241,6183,-122,16,-51,-109
Oman,2025,5955,6131,6155,6057,5974,-176,24,-74,-157
Oman,2026,5729,5967,6006,5864,5746,-238,39,-103,-221
Oman,2027,5513,5808,5861,5678,5528,-295,53,-130,-280
Oman,2028,5305,5653,5720,5497,5319,-348,67,-156,-334
Oman,2029,5106,5502,5581,5323,5118,-396,79,-179,-384
Oman,2030,4914,5356,5446,5154,4926,-442,90,-202,-430
Oman,2031,4726,5204,5310,4983,4732,-478,106,-221,-472
Pakistan,2015,8808025,8808025,8808025,8808025,8808025,0,0,0,0
Pakistan,2016,7638803,7638803,7638803,7638803,7638803,0,0,0,0
Pakistan,2017,6440926,6440926,6440926,6440926,6440926,0,0,0,0
Pakistan,2018,5318209,5318209,5318209,5318209,5318209,0,0,0,0
Pakistan,2019,4123822,4123822,4123822,4123822,4123822,0,0,0,0
Pakistan,2020,3236715,3236715,3236715,3236715,3236715,0,0,0,0
Pakistan,2021,2494306,2494306,2494306,2494306,2494306,0,0,0,0
Pakistan,2022,1915910,1915910,1915910,1915910,1915910,0,0,0,0
Pakistan,2023,1478220,1563689,1670686,1660241,1444927,-85469,106997,96552,-118762
Pakistan,2024,1138918,1279139,1465684,1434738,1089322,-140221,186545,155599,-189817
Pakistan,2025,891751,1053888,1275987,1255969,833463,-162137,222099,202081,-220425
Pakistan,2026,673489,847916,1114815,1084400,608486,-174427,266899,236484,-239430
Pakistan,2027,510407,687878,976693,941630,449135,-177471,288815,253752,-238743
Pakistan,2028,398502,556442,858579,820792,348849,-157940,302137,264350,-207593
Pakistan,2029,318641,460571,757379,718277,268702,-141930,296808,257706,-191869
Pakistan,2030,253469,384821,669621,628694,202738,-131352,284800,243873,-182083
Pakistan,2031,193836,319844,584492,547210,161301,-126008,264648,227366,-158543
Palestine,2015,3176,3176,3176,3176,3176,0,0,0,0
Palestine,2016,3124,3124,3124,3124,3124,0,0,0,0
Palestine,2017,3088,3088,3088,3088,3088,0,0,0,0
Palestine,2018,3344,3344,3344,3344,3344,0,0,0,0
Palestine,2019,3290,3290,3290,3290,3290,0,0,0,0
Palestine,2020,3246,3246,3246,3246,3246,0,0,0,0
Palestine,2021,3187,3187,3187,3187,3187,0,0,0,0
Palestine,2022,3149,3149,3149,3149,3149,0,0,0,0
Palestine,2023,2644,2718,2870,2853,2582,-74,152,135,-136
Palestine,2024,2264,2396,2706,2588,2503,-132,310,192,107
Palestine,2025,2282,2460,2534,2368,2140,-178,74,-92,-320
Palestine,2026,1952,2179,2739,2515,1786,-227,560,336,-393
Palestine,2027,1457,1936,2587,2320,1439,-479,651,384,-497
Palestine,2028,1464,1495,2444,2142,1316,-31,949,647,-179
Palestine,2029,1294,1509,2310,1982,1376,-215,801,473,-133
Palestine,2030,1405,1461,2186,1580,1136,-56,725,119,-325
Palestine,2031,1183,1235,1694,1598,1078,-52,459,363,-157
Panama,2015,109889,109889,109889,109889,109889,0,0,0,0
Panama,2016,102105,102105,102105,102105,102105,0,0,0,0
Panama,2017,92428,92428,92428,92428,92428,0,0,0,0
Panama,2018,82481,82481,82481,82481,82481,0,0,0,0
Panama,2019,72669,72669,72669,72669,72669,0,0,0,0
Panama,2020,63844,63844,63844,63844,63844,0,0,0,0
Panama,2021,55809,55809,55809,55809,55809,0,0,0,0
Panama,2022,48404,48404,48404,48404,48404,0,0,0,0
Panama,2023,42669,43325,44156,43535,42318,-656,831,210,-1007
Panama,2024,37451,38642,40172,39030,36818,-1191,1530,388,-1824
Panama,2025,32740,34350,36455,34885,31889,-1610,2105,535,-2461
Panama,2026,28762,30841,33638,31455,27524,-2079,2797,614,-3317
Panama,2027,25260,27532,30993,28268,23805,-2272,3461,736,-3727
Panama,2028,22020,24729,28427,25485,20462,-2709,3698,756,-4267
Panama,2029,19211,22051,26258,22797,17569,-2840,4207,746,-4482
Panama,2030,16742,19659,24049,20418,15072,-2917,4390,759,-4587
Panama,2031,14611,17597,22187,18369,12926,-2986,4590,772,-4671
Papua New Guinea,2015,2510744,2510744,2510744,2510744,2510744,0,0,0,0
Papua New Guinea,2016,2546197,2546197,2546197,2546197,2546197,0,0,0,0
Papua New Guinea,2017,2567042,2567042,2567042,2567042,2567042,0,0,0,0
Papua New Guinea,2018,2580713,2580713,2580713,2580713,2580713,0,0,0,0
Papua New Guinea,2019,2588186,2588186,2588186,2588186,2588186,0,0,0,0
Papua New Guinea,2020,2590830,2590830,2590830,2590830,2590830,0,0,0,0
Papua New Guinea,2021,2596248,2596248,2596248,2596248,2596248,0,0,0,0
Papua New Guinea,2022,2592155,2592155,2592155,2592155,2592155,0,0,0,0
Papua New Guinea,2023,2534298,2557228,2579908,2583731,2528329,-22930,22680,26503,-28899
Papua New Guinea,2024,2476242,2521742,2567050,2574730,2464386,-45500,45308,52988,-57356
Papua New Guinea,2025,2418028,2485714,2553581,2565150,2400374,-67686,67867,79436,-85340
Papua New Guinea,2026,2352954,2452209,2548395,2563374,2325280,-99255,96186,111165,-126929
Papua New Guinea,2027,2288105,2418287,2542771,2561196,2250653,-130182,124484,142909,-167634
Papua New Guinea,2028,2223519,2383960,2536707,2558613,2176544,-160441,152747,174653,-207416
Papua New Guinea,2029,2159230,2349242,2530198,2555622,2103016,-190012,180956,206380,-246226
Papua New Guinea,2030,2095303,2314146,2523243,2552218,2030117,-218843,209097,238072,-284029
Papua New Guinea,2031,2030090,2278407,2516666,2549480,1954636,-248317,238259,271073,-323771
Paraguay,2015,141899,141899,141899,141899,141899,0,0,0,0
Paraguay,2016,135501,135501,135501,135501,135501,0,0,0,0
Paraguay,2017,131833,131833,131833,131833,131833,0,0,0,0
Paraguay,2018,126747,126747,126747,126747,126747,0,0,0,0
Paraguay,2019,122480,122480,122480,122480,122480,0,0,0,0
Paraguay,2020,117661,117661,117661,117661,117661,0,0,0,0
Paraguay,2021,113084,113084,113084,113084,113084,0,0,0,0
Paraguay,2022,109052,109052,109052,109052,109052,0,0,0,0
Paraguay,2023,100784,102652,104693,104209,99928,-1868,2041,1557,-2724
Paraguay,2024,93376,96790,100609,99697,91841,-3414,3819,2907,-4949
Paraguay,2025,86737,91422,96786,95494,84668,-4685,5364,4072,-6754
Paraguay,2026,79932,85938,93062,91058,77191,-6006,7124,5120,-8747
Paraguay,2027,73901,80949,89578,86952,70665,-7048,8629,6003,-10284
Paraguay,2028,68548,76408,86320,83152,64958,-7860,9912,6744,-11450
Paraguay,2029,63790,72272,83271,79634,59956,-8482,10999,7362,-12316
Paraguay,2030,59554,68500,80419,76376,55563,-8946,11919,7876,-12937
Paraguay,2031,55646,64910,77664,73101,51322,-9264,12754,8191,-13588
Peru,2015,788867,788867,788867,788867,788867,0,0,0,0
Peru,2016,739923,739923,739923,739923,739923,0,0,0,0
Peru,2017,698859,698859,698859,698859,698859,0,0,0,0
Peru,2018,653765,653765,653765,653765,653765,0,0,0,0
Peru,2019,608667,608667,608667,608667,608667,0,0,0,0
Peru,2020,567834,567834,567834,567834,567834,0,0,0,0
Peru,2021,531844,531844,531844,531844,531844,0,0,0,0
Peru,2022,497638,497638,497638,497638,497638,0,0,0,0
Peru,2023,443589,452499,465080,454307,436155,-8910,12581,1808,-16344
Peru,2024,395026,411116,434455,414427,381846,-16090,23339,3311,-29270
Peru,2025,351675,373448,405677,377991,334184,-21773,32229,4543,-39264
Peru,2026,313997,342284,384884,347792,291451,-28287,42600,5508,-50833
Peru,2027,279619,313708,365120,319983,255768,-34089,51412,6275,-57940
Peru,2028,251178,286823,346356,293952,223234,-35645,59533,7129,-63589
Peru,2029,224249,264494,328558,272006,194473,-40245,64064,7512,-70021
Peru,2030,199794,242285,311142,250041,171392,-42491,68857,7756,-70893
Peru,2031,180509,222816,296483,230985,151445,-42307,73667,8169,-71371
Philippines,2015,12365721,12365721,12365721,12365721,12365721,0,0,0,0
Philippines,2016,10787927,10787927,10787927,10787927,10787927,0,0,0,0
Philippines,2017,9195282,9195282,9195282,9195282,9195282,0,0,0,0
Philippines,2018,7531648,7531648,7531648,7531648,7531648,0,0,0,0
Philippines,2019,5768833,5768833,5768833,5768833,5768833,0,0,0,0
Philippines,2020,3867838,3867838,3867838,3867838,3867838,0,0,0,0
Philippines,2021,2484740,2484740,2484740,2484740,2484740,0,0,0,0
Philippines,2022,1061161,1061161,1061161,1061161,1061161,0,0,0,0
Philippines,2023,0,0,0,0,0,0,0,0,0
Philippines,2024,0,0,0,0,0,0,0,0,0
Philippines,2025,0,0,0,0,0,0,0,0,0
Philippines,2026,0,0,0,0,0,0,0,0,0
Philippines,2027,0,0,0,0,0,0,0,0,0
Philippines,2028,0,0,0,0,0,0,0,0,0
Philippines,2029,0,0,0,0,0,0,0,0,0
Philippines,2030,0,0,0,0,0,0,0,0,0
Philippines,2031,0,0,0,0,0,0,0,0,0
Poland,2015,19306,19306,19306,19306,19306,0,0,0,0
Poland,2016,17619,17619,17619,17619,17619,0,0,0,0
Poland,2017,18234,18234,18234,18234,18234,0,0,0,0
Poland,2018,16779,16779,16779,16779,16779,0,0,0,0
Poland,2019,15487,15487,15487,15487,15487,0,0,0,0
Poland,2020,13957,13957,13957,13957,13957,0,0,0,0
Poland,2021,12627,12627,12627,12627,12627,0,0,0,0
Poland,2022,13780,13780,13780,13780,13780,0,0,0,0
Poland,2023,12809,12830,12793,12778,12796,-21,-37,-52,-34
Poland,2024,11949,11986,11917,11893,11929,-37,-69,-93,-57
Poland,2025,11890,11867,11784,11836,11946,23,-83,-31,79
Poland,2026,9547,9520,9424,9484,9609,27,-96,-36,89
Poland,2027,9536,9501,9377,9454,9617,35,-124,-47,116
Poland,2028,9526,9483,9330,9425,9624,43,-153,-58,141
Poland,2029,8642,8785,8609,8483,8522,-143,-176,-302,-263
Poland,2030,8090,8245,8056,7920,7960,-155,-189,-325,-285
Poland,2031,7609,7766,7571,7426,9814,-157,-195,-340,2048
Portugal,2015,59618,59618,59618,59618,59618,0,0,0,0
Portugal,2016,58957,58957,58957,58957,58957,0,0,0,0
Portugal,2017,57579,57579,57579,57579,57579,0,0,0,0
Portugal,2018,56501,56501,56501,56501,56501,0,0,0,0
Portugal,2019,55517,55517,55517,55517,55517,0,0,0,0
Portugal,2020,54715,54715,54715,54715,54715,0,0,0,0
Portugal,2021,53932,53932,53932,53932,53932,0,0,0,0
Portugal,2022,53106,53106,53106,53106,53106,0,0,0,0
Portugal,2023,53185,53125,52771,53035,53471,60,-354,-90,346
Portugal,2024,53264,53145,52441,52965,53839,119,-704,-180,694
Portugal,2025,53344,53165,52114,52896,54210,179,-1051,-269,1045
Portugal,2026,53421,53174,51716,52783,54626,247,-1458,-391,1452
Portugal,2027,53498,53183,51323,52672,55046,315,-1860,-511,1863
Portugal,2028,53576,53192,50936,52561,55470,384,-2256,-631,2278
Portugal,2029,53653,53201,50553,52451,55897,452,-2648,-750,2696
Portugal,2030,53731,53211,50138,52341,56327,520,-3073,-870,3116
Portugal,2031,53815,53215,50158,52221,56783,600,-3057,-994,3568
Puerto Rico,2015,14,14,14,14,14,0,0,0,0
Puerto Rico,2016,14,14,14,14,14,0,0,0,0
Puerto Rico,2017,14,14,14,14,14,0,0,0,0
Puerto Rico,2018,14,14,14,14,14,0,0,0,0
Puerto Rico,2019,14,14,14,14,14,0,0,0,0
Puerto Rico,2020,14,14,14,14,14,0,0,0,0
Puerto Rico,2021,14,14,14,14,14,0,0,0,0
Puerto Rico,2022,14,14,14,14,14,0,0,0,0
Puerto Rico,2023,14,7,14,14,14,7,7,7,7
Puerto Rico,2024,14,4,14,14,14,10,10,10,10
Puerto Rico,2025,14,4,14,14,14,10,10,10,10
Puerto Rico,2026,7,2,7,14,7,5,5,12,5
Puerto Rico,2027,7,2,7,14,7,5,5,12,5
Puerto Rico,2028,7,2,7,14,7,5,5,12,5
Puerto Rico,2029,7,1,7,7,7,6,6,6,6
Puerto Rico,2030,7,1,7,7,7,6,6,6,6
Puerto Rico,2031,7,1,7,7,7,6,6,6,6
Qatar,2015,73,73,73,73,73,0,0,0,0
Qatar,2016,72,72,72,72,72,0,0,0,0
Qatar,2017,71,71,71,71,71,0,0,0,0
Qatar,2018,69,69,69,69,69,0,0,0,0
Qatar,2019,67,67,67,67,67,0,0,0,0
Qatar,2020,66,66,66,66,66,0,0,0,0
Qatar,2021,64,64,64,64,64,0,0,0,0
Qatar,2022,62,62,62,62,62,0,0,0,0
Qatar,2023,61,61,61,61,61,0,0,0,0
Qatar,2024,59,60,59,59,60,-1,-1,-1,0
Qatar,2025,58,58,58,58,59,0,0,0,1
Qatar,2026,57,57,56,57,58,0,-1,0,1
Qatar,2027,55,56,54,55,56,-1,-2,-1,0
Qatar,2028,54,54,53,54,55,0,-1,0,1
Qatar,2029,52,53,51,52,54,-1,-2,-1,1
Qatar,2030,51,52,50,51,53,-1,-2,-1,1
Qatar,2031,50,50,48,50,52,0,-2,0,2
Romania,2015,38901,38901,38901,38901,38901,0,0,0,0
Romania,2016,31971,31971,31971,31971,31971,0,0,0,0
Romania,2017,26925,26925,26925,26925,26925,0,0,0,0
Romania,2018,23840,23840,23840,23840,23840,0,0,0,0
Romania,2019,21236,21236,21236,21236,21236,0,0,0,0
Romania,2020,17986,17986,17986,17986,17986,0,0,0,0
Romania,2021,16131,16131,16131,16131,16131,0,0,0,0
Romania,2022,14464,14464,14464,14464,14464,0,0,0,0
Romania,2023,12858,12998,13167,13019,12739,-140,169,21,-259
Romania,2024,12340,12565,12845,12596,12154,-225,280,31,-411
Romania,2025,11042,11310,11655,11344,10823,-268,345,34,-487
Romania,2026,10530,11143,10786,11223,10222,-613,-357,80,-921
Romania,2027,9076,9107,10556,10165,8771,-31,1449,1058,-336
Romania,2028,8418,8794,9144,8791,8125,-376,350,-3,-669
Romania,2029,8307,8277,8756,8269,7714,30,479,-8,-563
Romania,2030,7368,8193,8315,8228,6769,-825,122,35,-1424
Romania,2031,6611,7444,8413,7478,7101,-833,969,34,-343
Russia,2015,0,0,0,0,0,0,0,0,0
Russia,2016,0,0,0,0,0,0,0,0,0
Russia,2017,0,0,0,0,0,0,0,0,0
Russia,2018,0,0,0,0,0,0,0,0,0
Russia,2019,0,0,0,0,0,0,0,0,0
Russia,2020,0,0,0,0,0,0,0,0,0
Russia,2021,0,0,0,0,0,0,0,0,0
Russia,2022,0,0,0,0,0,0,0,0,0
Russia,2023,0,0,0,0,0,0,0,0,0
Russia,2024,0,0,0,0,0,0,0,0,0
Russia,2025,0,0,0,0,0,0,0,0,0
Russia,2026,0,0,0,0,0,0,0,0,0
Russia,2027,0,0,0,0,0,0,0,0,0
Russia,2028,0,0,0,0,0,0,0,0,0
Russia,2029,0,0,0,0,0,0,0,0,0
Russia,2030,0,0,0,0,0,0,0,0,0
Russia,2031,0,0,0,0,0,0,0,0,0
Rwanda,2015,6085425,6085425,6085425,6085425,6085425,0,0,0,0
Rwanda,2016,6017272,6017272,6017272,6017272,6017272,0,0,0,0
Rwanda,2017,5933095,5933095,5933095,5933095,5933095,0,0,0,0
Rwanda,2018,5793266,5793266,5793266,5793266,5793266,0,0,0,0
Rwanda,2019,5603119,5603119,5603119,5603119,5603119,0,0,0,0
Rwanda,2020,5385856,5385856,5385856,5385856,5385856,0,0,0,0
Rwanda,2021,5148616,5148616,5148616,5148616,5148616,0,0,0,0
Rwanda,2022,4897501,4897501,4897501,4897501,4897501,0,0,0,0
Rwanda,2023,4648526,4715490,4798804,4798262,4617434,-66964,83314,82772,-98056
Rwanda,2024,4393383,4527894,4695179,4694079,4331327,-134511,167285,166185,-196567
Rwanda,2025,4133873,4333807,4585210,4583539,4041123,-199934,251403,249732,-292684
Rwanda,2026,3835917,4115060,4474993,4469027,3693984,-279143,359933,353967,-421076
Rwanda,2027,3537168,3892172,4359828,4349507,3348058,-355004,467656,457335,-544114
Rwanda,2028,3238893,3665787,4239827,4225103,3005222,-426894,574040,559316,-660565
Rwanda,2029,2942402,3436580,4115112,4095952,2667420,-494178,678532,659372,-769160
Rwanda,2030,2649063,3205263,3985818,3962207,2336732,-556200,780555,756944,-868531
Rwanda,2031,2346930,2968236,3860381,3832503,1996160,-621306,892145,864267,-972076
Saint Lucia,2015,60999,60999,60999,60999,60999,0,0,0,0
Saint Lucia,2016,61417,61417,61417,61417,61417,0,0,0,0
Saint Lucia,2017,62131,62131,62131,62131,62131,0,0,0,0
Saint Lucia,2018,61964,61964,61964,61964,61964,0,0,0,0
Saint Lucia,2019,61789,61789,61789,61789,61789,0,0,0,0
Saint Lucia,2020,61478,61478,61478,61478,61478,0,0,0,0
Saint Lucia,2021,61198,61198,61198,61198,61198,0,0,0,0
Saint Lucia,2022,60869,60869,60869,60869,60869,0,0,0,0
Saint Lucia,2023,60575,60937,61407,60876,60410,-362,470,-61,-527
Saint Lucia,2024,60281,61004,61950,60883,59950,-723,946,-121,-1054
Saint Lucia,2025,59985,61071,62498,60890,59490,-1086,1427,-181,-1581
Saint Lucia,2026,59402,60949,62914,60616,58689,-1547,1965,-333,-2260
Saint Lucia,2027,58819,60826,63333,60341,57892,-2007,2507,-485,-2934
Saint Lucia,2028,58238,60701,63755,60066,57099,-2463,3054,-635,-3602
Saint Lucia,2029,57658,60575,64180,59790,56309,-2917,3605,-785,-4266
Saint Lucia,2030,57079,60448,64607,59513,55524,-3369,4159,-935,-4924
Saint Lucia,2031,56352,60162,64869,59050,54576,-3810,4707,-1112,-5586
Saint Vincent and the Grenadines,2015,6221,6221,6221,6221,6221,0,0,0,0
Saint Vincent and the Grenadines,2016,5936,5936,5936,5936,5936,0,0,0,0
Saint Vincent and the Grenadines,2017,5629,5629,5629,5629,5629,0,0,0,0
Saint Vincent and the Grenadines,2018,5314,5314,5314,5314,5314,0,0,0,0
Saint Vincent and the Grenadines,2019,5010,5010,5010,5010,5010,0,0,0,0
Saint Vincent and the Grenadines,2020,4717,4717,4717,4717,4717,0,0,0,0
Saint Vincent and the Grenadines,2021,4440,4440,4440,4440,4440,0,0,0,0
Saint Vincent and the Grenadines,2022,4184,4184,4184,4184,4184,0,0,0,0
Saint Vincent and the Grenadines,2023,3994,4020,4081,4012,3950,-26,61,-8,-70
Saint Vincent and the Grenadines,2024,3813,3862,3981,3846,3728,-49,119,-16,-134
Saint Vincent and the Grenadines,2025,3640,3710,3883,3688,3520,-70,173,-22,-190
Saint Vincent and the Grenadines,2026,3470,3563,3789,3530,3318,-93,226,-33,-245
Saint Vincent and the Grenadines,2027,3309,3423,3697,3378,3128,-114,274,-45,-295
Saint Vincent and the Grenadines,2028,3155,3288,3607,3233,2949,-133,319,-55,-339
Saint Vincent and the Grenadines,2029,3008,3158,3519,3095,2780,-150,361,-63,-378
Saint Vincent and the Grenadines,2030,2868,3033,3433,2962,2621,-165,400,-71,-412
Saint Vincent and the Grenadines,2031,2732,2909,3342,2830,2470,-177,433,-79,-439
Samoa,2015,269,269,269,269,269,0,0,0,0
Samoa,2016,49,49,49,49,49,0,0,0,0
Samoa,2017,36,36,36,36,36,0,0,0,0
Samoa,2018,25,25,25,25,25,0,0,0,0
Samoa,2019,24,24,24,24,24,0,0,0,0
Samoa,2020,12,12,12,12,12,0,0,0,0
Samoa,2021,6,6,6,6,6,0,0,0,0
Samoa,2022,3,3,3,3,3,0,0,0,0
Samoa,2023,2,3,3,3,2,-1,0,0,-1
Samoa,2024,2,2,3,2,1,0,1,0,-1
Samoa,2025,1,1,3,2,0,0,2,1,-1
Samoa,2026,0,1,2,1,0,-1,1,0,-1
Samoa,2027,0,0,2,1,0,0,2,1,0
Samoa,2028,0,0,2,1,0,0,2,1,0
Samoa,2029,0,0,2,0,0,0,2,0,0
Samoa,2030,0,0,2,0,0,0,2,0,0
Samoa,2031,0,0,1,0,0,0,1,0,0
Sao Tome and Principe,2015,51949,51949,51949,51949,51949,0,0,0,0
Sao Tome and Principe,2016,51069,51069,51069,51069,51069,0,0,0,0
Sao Tome and Principe,2017,49071,49071,49071,49071,49071,0,0,0,0
Sao Tome and Principe,2018,46475,46475,46475,46475,46475,0,0,0,0
Sao Tome and Principe,2019,43836,43836,43836,43836,43836,0,0,0,0
Sao Tome and Principe,2020,41167,41167,41167,41167,41167,0,0,0,0
Sao Tome and Principe,2021,38494,38494,38494,38494,38494,0,0,0,0
Sao Tome and Principe,2022,35789,35789,35789,35789,35789,0,0,0,0
Sao Tome and Principe,2023,32323,33046,34086,33749,31586,-723,1040,703,-1460
Sao Tome and Principe,2024,28991,30373,32383,31732,27612,-1382,2010,1359,-2761
Sao Tome and Principe,2025,25802,27774,30684,29742,23872,-1972,2910,1968,-3902
Sao Tome and Principe,2026,22733,25447,29306,28093,20264,-2714,3859,2646,-5183
Sao Tome and Principe,2027,19835,23192,27931,26466,16945,-3357,4739,3274,-6247
Sao Tome and Principe,2028,17123,21021,26566,24860,13926,-3898,5545,3839,-7095
Sao Tome and Principe,2029,14601,18939,25195,23290,11224,-4338,6256,4351,-7715
Sao Tome and Principe,2030,12283,16944,23847,21744,8853,-4661,6903,4800,-8091
Sao Tome and Principe,2031,10191,15085,22591,20342,6822,-4894,7506,5257,-8263
Saudi Arabia,2015,20917,20917,20917,20917,20917,0,0,0,0
Saudi Arabia,2016,20686,20686,20686,20686,20686,0,0,0,0
Saudi Arabia,2017,20537,20537,20537,20537,20537,0,0,0,0
Saudi Arabia,2018,20235,20235,20235,20235,20235,0,0,0,0
Saudi Arabia,2019,19833,19833,19833,19833,19833,0,0,0,0
Saudi Arabia,2020,19484,19484,19484,19484,19484,0,0,0,0
Saudi Arabia,2021,19069,19069,19069,19069,19069,0,0,0,0
Saudi Arabia,2022,18624,18624,18624,18624,18624,0,0,0,0
Saudi Arabia,2023,18251,18312,18317,18391,18305,-61,5,79,-7
Saudi Arabia,2024,17885,18005,18014,18159,17991,-120,9,154,-14
Saudi Arabia,2025,17526,17702,17715,17930,17682,-176,13,228,-20
Saudi Arabia,2026,17085,17329,17364,17630,17260,-244,35,301,-69
Saudi Arabia,2027,16655,16964,17019,17335,16849,-309,55,371,-115
Saudi Arabia,2028,16236,16606,16680,17044,16448,-370,74,438,-158
Saudi Arabia,2029,15828,16255,16348,16757,16056,-427,93,502,-199
Saudi Arabia,2030,15430,15911,16022,16474,15675,-481,111,563,-236
Saudi Arabia,2031,15010,15540,15666,16145,15253,-530,126,605,-287
Senegal,2015,5489926,5489926,5489926,5489926,5489926,0,0,0,0
Senegal,2016,5403407,5403407,5403407,5403407,5403407,0,0,0,0
Senegal,2017,5290598,5290598,5290598,5290598,5290598,0,0,0,0
Senegal,2018,5153542,5153542,5153542,5153542,5153542,0,0,0,0
Senegal,2019,4999577,4999577,4999577,4999577,4999577,0,0,0,0
Senegal,2020,4829420,4829420,4829420,4829420,4829420,0,0,0,0
Senegal,2021,4657414,4657414,4657414,4657414,4657414,0,0,0,0
Senegal,2022,4519769,4519769,4519769,4519769,4519769,0,0,0,0
Senegal,2023,4275689,4360419,4470490,4458968,4243066,-84730,110071,98549,-117353
Senegal,2024,4034182,4199744,4418435,4395435,3970922,-165562,218691,195691,-228822
Senegal,2025,3795814,4038052,4363602,4329187,3703942,-242238,325550,291135,-334110
Senegal,2026,3536830,3860814,4314779,4266963,3403549,-323984,453965,406149,-457265
Senegal,2027,3282488,3683801,4263595,4202424,3111441,-401313,579794,518623,-572360
Senegal,2028,3035595,3507265,4209999,4135550,2830509,-471670,702734,628285,-676756
Senegal,2029,2795378,3330185,4153994,4066362,2560084,-534807,823809,736177,-770101
Senegal,2030,2562256,3155366,4095582,3994885,2300689,-593110,940216,839519,-854677
Senegal,2031,2325368,2974100,4035058,3922538,2036374,-648732,1060958,948438,-937726
Serbia,2015,18281,18281,18281,18281,18281,0,0,0,0
Serbia,2016,16963,16963,16963,16963,16963,0,0,0,0
Serbia,2017,15702,15702,15702,15702,15702,0,0,0,0
Serbia,2018,14397,14397,14397,14397,14397,0,0,0,0
Serbia,2019,13262,13262,13262,13262,13262,0,0,0,0
Serbia,2020,12039,12039,12039,12039,12039,0,0,0,0
Serbia,2021,11308,11308,11308,11308,11308,0,0,0,0
Serbia,2022,10311,10311,10311,10311,10311,0,0,0,0
Serbia,2023,9970,10000,10011,9980,9985,-30,11,-20,-15
Serbia,2024,9501,9581,9616,9536,9534,-80,35,-45,-47
Serbia,2025,9576,9684,9206,9620,9622,-108,-478,-64,-62
Serbia,2026,9210,9356,9417,9262,9262,-146,61,-94,-94
Serbia,2027,9090,9127,9137,9067,9137,-37,10,-60,10
Serbia,2028,8560,8603,9125,8533,8614,-43,522,-70,11
Serbia,2029,8263,8605,8601,8304,8330,-342,-4,-301,-275
Serbia,2030,8072,8279,8350,8117,8146,-207,71,-162,-133
Serbia,2031,7901,8130,8209,7947,7982,-229,79,-183,-148
Seychelles,2015,924,924,924,924,924,0,0,0,0
Seychelles,2016,903,903,903,903,903,0,0,0,0
Seychelles,2017,884,884,884,884,884,0,0,0,0
Seychelles,2018,870,870,870,870,870,0,0,0,0
Seychelles,2019,857,857,857,857,857,0,0,0,0
Seychelles,2020,844,844,844,844,844,0,0,0,0
Seychelles,2021,830,830,830,830,830,0,0,0,0
Seychelles,2022,816,816,816,816,816,0,0,0,0
Seychelles,2023,799,799,799,799,799,0,0,0,0
Seychelles,2024,782,782,782,782,782,0,0,0,0
Seychelles,2025,765,765,765,765,765,0,0,0,0
Seychelles,2026,749,749,749,749,749,0,0,0,0
Seychelles,2027,733,733,733,733,733,0,0,0,0
Seychelles,2028,725,725,725,725,725,0,0,0,0
Seychelles,2029,711,711,711,711,711,0,0,0,0
Seychelles,2030,698,698,698,698,698,0,0,0,0
Seychelles,2031,683,683,683,683,683,0,0,0,0
Sierra Leone,2015,2953571,2953571,2953571,2953571,2953571,0,0,0,0
Sierra Leone,2016,2910159,2910159,2910159,2910159,2910159,0,0,0,0
Sierra Leone,2017,2856341,2856341,2856341,2856341,2856341,0,0,0,0
Sierra Leone,2018,2731401,2731401,2731401,2731401,2731401,0,0,0,0
Sierra Leone,2019,2612886,2612886,2612886,2612886,2612886,0,0,0,0
Sierra Leone,2020,2442633,2442633,2442633,2442633,2442633,0,0,0,0
Sierra Leone,2021,2267190,2267190,2267190,2267190,2267190,0,0,0,0
Sierra Leone,2022,2098184,2098184,2098184,2098184,2098184,0,0,0,0
Sierra Leone,2023,2049669,2076082,2097286,2101352,2046262,-26413,21204,25270,-29820
Sierra Leone,2024,2000126,2053026,2095812,2104001,1993196,-52900,42786,50975,-59830
Sierra Leone,2025,1949587,2029014,2093750,2106116,1939027,-79427,64736,77102,-89987
Sierra Leone,2026,1879757,1992872,2092622,2107503,1858733,-113115,99750,114631,-134139
Sierra Leone,2027,1809382,1955839,2090983,2108396,1777922,-146457,135144,152557,-177917
Sierra Leone,2028,1738523,1917931,2088823,2108784,1696695,-179408,170892,190853,-221236
Sierra Leone,2029,1667256,1879148,2086133,2108655,1615162,-211892,206985,229507,-263986
Sierra Leone,2030,1595663,1839507,2082916,2108008,1532927,-243844,243409,268501,-306580
Sierra Leone,2031,1513851,1792680,2075293,2102675,1438998,-278829,282613,309995,-353682
Singapore,2015,58020,58020,58020,58020,58020,0,0,0,0
Singapore,2016,58899,58899,58899,58899,58899,0,0,0,0
Singapore,2017,59640,59640,59640,59640,59640,0,0,0,0
Singapore,2018,60208,60208,60208,60208,60208,0,0,0,0
Singapore,2019,60672,60672,60672,60672,60672,0,0,0,0
Singapore,2020,60993,60993,60993,60993,60993,0,0,0,0
Singapore,2021,61169,61169,61169,61169,61169,0,0,0,0
Singapore,2022,61214,61214,61214,61214,61214,0,0,0,0
Singapore,2023,61173,61230,61197,61174,61299,-57,-33,-56,69
Singapore,2024,61139,61251,61184,61139,61391,-112,-67,-112,140
Singapore,2025,61112,61278,61175,61111,61489,-166,-103,-167,211
Singapore,2026,61105,61351,61197,61097,61601,-246,-154,-254,250
Singapore,2027,61103,61427,61221,61087,61718,-324,-206,-340,291
Singapore,2028,61106,61508,61248,61081,61840,-402,-260,-427,332
Singapore,2029,61113,61592,61277,61078,61967,-479,-315,-514,375
Singapore,2030,61124,61680,61309,61078,62099,-556,-371,-602,419
Singapore,2031,61118,61728,61245,61051,62221,-610,-483,-677,493
Slovakia,2015,27130,27130,27130,27130,27130,0,0,0,0
Slovakia,2016,26887,26887,26887,26887,26887,0,0,0,0
Slovakia,2017,26506,26506,26506,26506,26506,0,0,0,0
Slovakia,2018,26096,26096,26096,26096,26096,0,0,0,0
Slovakia,2019,25672,25672,25672,25672,25672,0,0,0,0
Slovakia,2020,25308,25308,25308,25308,25308,0,0,0,0
Slovakia,2021,24961,24961,24961,24961,24961,0,0,0,0
Slovakia,2022,24624,24624,24624,24624,24624,0,0,0,0
Slovakia,2023,24492,24483,24405,24448,24540,9,-78,-35,57
Slovakia,2024,24365,24347,24191,24278,24461,18,-156,-69,114
Slovakia,2025,24242,24215,23983,24113,24386,27,-232,-102,171
Slovakia,2026,24094,24057,23737,23916,24288,37,-320,-141,231
Slovakia,2027,23951,23903,23497,23724,24196,48,-406,-179,293
Slovakia,2028,23813,23754,23262,23537,24107,59,-492,-217,353
Slovakia,2029,23678,23609,23032,23355,24024,69,-577,-254,415
Slovakia,2030,23548,23468,22808,23179,23944,80,-660,-289,476
Slovakia,2031,23393,23294,22549,22974,23837,99,-745,-320,543
Slovenia,2015,3234,3234,3234,3234,3234,0,0,0,0
Slovenia,2016,3188,3188,3188,3188,3188,0,0,0,0
Slovenia,2017,3145,3145,3145,3145,3145,0,0,0,0
Slovenia,2018,3115,3115,3115,3115,3115,0,0,0,0
Slovenia,2019,3082,3082,3082,3082,3082,0,0,0,0
Slovenia,2020,3054,3054,3054,3054,3054,0,0,0,0
Slovenia,2021,3024,3024,3024,3024,3024,0,0,0,0
Slovenia,2022,3121,3121,3121,3121,3121,0,0,0,0
Slovenia,2023,3115,3113,3099,3108,3125,2,-14,-5,12
Slovenia,2024,3108,3105,3076,3095,3129,3,-29,-10,24
Slovenia,2025,3102,3098,3055,3083,3133,4,-43,-15,35
Slovenia,2026,3092,3086,3026,3065,3134,6,-60,-21,48
Slovenia,2027,3082,3075,2999,3048,3135,7,-76,-27,60
Slovenia,2028,3072,3064,2972,3031,3136,8,-92,-33,72
Slovenia,2029,3063,3053,2945,3015,3138,10,-108,-38,85
Slovenia,2030,3053,3043,2919,2999,3140,10,-124,-44,97
Slovenia,2031,3042,3030,2889,2981,3141,12,-141,-49,111
Solomon Islands,2015,205255,205255,205255,205255,205255,0,0,0,0
Solomon Islands,2016,206240,206240,206240,206240,206240,0,0,0,0
Solomon Islands,2017,206872,206872,206872,206872,206872,0,0,0,0
Solomon Islands,2018,207967,207967,207967,207967,207967,0,0,0,0
Solomon Islands,2019,208900,208900,208900,208900,208900,0,0,0,0
Solomon Islands,2020,209650,209650,209650,209650,209650,0,0,0,0
Solomon Islands,2021,209796,209796,209796,209796,209796,0,0,0,0
Solomon Islands,2022,209673,209673,209673,209673,209673,0,0,0,0
Solomon Islands,2023,206957,209315,211273,211876,206501,-2358,1958,2561,-2814
Solomon Islands,2024,204191,208914,212864,214089,203277,-4723,3950,5175,-5637
Solomon Islands,2025,201377,208470,214445,216310,200005,-7093,5975,7840,-8465
Solomon Islands,2026,198169,208089,216545,218945,196020,-9920,8456,10856,-12069
Solomon Islands,2027,194929,207674,218654,221604,192005,-12745,10980,13930,-15669
Solomon Islands,2028,191657,207224,220772,224289,187965,-15567,13548,17065,-19259
Solomon Islands,2029,188355,206740,222898,227000,183899,-18385,16158,20260,-22841
Solomon Islands,2030,185024,206220,225033,229736,179811,-21196,18813,23516,-26409
Solomon Islands,2031,181482,205552,227206,232370,175397,-24070,21654,26818,-30155
Somalia,2015,5676717,5676717,5676717,5676717,5676717,0,0,0,0
Somalia,2016,5829140,5829140,5829140,5829140,5829140,0,0,0,0
Somalia,2017,5994706,5994706,5994706,5994706,5994706,0,0,0,0
Somalia,2018,6168423,6168423,6168423,6168423,6168423,0,0,0,0
Somalia,2019,6348506,6348506,6348506,6348506,6348506,0,0,0,0
Somalia,2020,6536520,6536520,6536520,6536520,6536520,0,0,0,0
Somalia,2021,6730079,6730079,6730079,6730079,6730079,0,0,0,0
Somalia,2022,6926949,6926949,6926949,6926949,6926949,0,0,0,0
Somalia,2023,6750305,6818100,6946531,6903822,6672908,-67795,128431,85722,-145192
Somalia,2024,6573014,6707380,6965198,6879090,6420120,-134366,257818,171710,-287260
Somalia,2025,6392930,6592454,6980522,6850398,6166751,-199524,388068,257944,-425703
Somalia,2026,6172125,6468628,7015183,6846892,5855729,-296503,546555,378264,-612899
Somalia,2027,5951622,6342671,7048764,6841764,5549148,-391049,706093,499093,-793523
Somalia,2028,5730572,6213442,7079817,6833621,5246489,-482870,866375,620179,-966953
Somalia,2029,5511566,6083437,7110825,6824909,4950461,-571871,1027388,741472,-1132976
Somalia,2030,5293737,5951559,7140417,6814307,4661241,-657822,1188858,862748,-1290318
Somalia,2031,5062080,5815908,7185111,6833247,4356760,-753828,1369203,1017339,-1459148
South Africa,2015,13656275,13656275,13656275,13656275,13656275,0,0,0,0
South Africa,2016,13834831,13834831,13834831,13834831,13834831,0,0,0,0
South Africa,2017,13952664,13952664,13952664,13952664,13952664,0,0,0,0
South Africa,2018,13987175,13987175,13987175,13987175,13987175,0,0,0,0
South Africa,2019,13952917,13952917,13952917,13952917,13952917,0,0,0,0
South Africa,2020,13911274,13911274,13911274,13911274,13911274,0,0,0,0
South Africa,2021,13862069,13862069,13862069,13862069,13862069,0,0,0,0
South Africa,2022,13805971,13805971,13805971,13805971,13805971,0,0,0,0
South Africa,2023,13754514,13778514,13763460,13744046,13772183,-24000,-15054,-34468,-6331
South Africa,2024,13702637,13750685,13720705,13681953,13737849,-48048,-29980,-68732,-12836
South Africa,2025,13650321,13722475,13677699,13619683,13702950,-72154,-44776,-102792,-19525
South Africa,2026,13564029,13670533,13644508,13535162,13622702,-106504,-26025,-135371,-47831
South Africa,2027,13477500,13618285,13611104,13450695,13542020,-140785,-7181,-167590,-76265
South Africa,2028,13390716,13565720,13577481,13366272,13460877,-175004,11761,-199448,-104843
South Africa,2029,13303654,13512826,13543634,13281885,13379245,-209172,30808,-230941,-133581
South Africa,2030,13216291,13459590,13509558,13197522,13297094,-243299,49968,-262068,-162496
South Africa,2031,13115705,13387064,13470692,13085936,13195586,-271359,83628,-301128,-191478
South America,2015,15878202,15878202,15878202,15878202,15878202,0,0,0,0
South America,2016,17442763,17442763,17442763,17442763,17442763,0,0,0,0
South America,2017,17984384,17984384,17984384,17984384,17984384,0,0,0,0
South America,2018,18032357,18032357,18032357,18032357,18032357,0,0,0,0
South America,2019,17862803,17862803,17862803,17862803,17862803,0,0,0,0
South America,2020,17668992,17668992,17668992,17668992,17668992,0,0,0,0
South America,2021,17484515,17484515,17484515,17484515,17484515,0,0,0,0
South America,2022,17301450,17301450,17301450,17301450,17301450,0,0,0,0
South America,2023,17087197,17242360,17428570,17243673,17025770,-155163,186210,1313,-216590
South America,2024,16892866,17199543,17571262,17201122,16775048,-306677,371719,1579,-424495
South America,2025,16722351,17173075,17728227,17172599,16554359,-450724,555152,-476,-618716
South America,2026,16505253,17138733,17921827,17112766,16258913,-633480,783094,-25967,-879820
South America,2027,16307483,17121703,18130124,17066587,15994476,-814220,1008421,-55116,-1127227
South America,2028,16135603,17117687,18352319,17034346,15756965,-982084,1234632,-83341,-1360722
South America,2029,15982379,17133982,18591578,17015604,15545760,-1151603,1457596,-118378,-1588222
South America,2030,15849294,17164678,18845080,17009590,15362637,-1315384,1680402,-155088,-1802041
South Korea,2015,875726,875726,875726,875726,875726,0,0,0,0
South Korea,2016,870698,870698,870698,870698,870698,0,0,0,0
South Korea,2017,866229,866229,866229,866229,866229,0,0,0,0
South Korea,2018,861057,861057,861057,861057,861057,0,0,0,0
South Korea,2019,855259,855259,855259,855259,855259,0,0,0,0
South Korea,2020,849484,849484,849484,849484,849484,0,0,0,0
South Korea,2021,843649,843649,843649,843649,843649,0,0,0,0
South Korea,2022,837836,837836,837836,837836,837836,0,0,0,0
South Korea,2023,832133,831840,830211,830488,832572,293,-1629,-1352,732
South Korea,2024,826635,826037,822803,823379,827535,598,-3234,-2658,1498
South Korea,2025,821334,820422,815604,816501,822718,912,-4818,-3921,2296
South Korea,2026,815546,814338,807583,808933,817517,1208,-6755,-5405,3179
South Korea,2027,809951,808431,799758,801586,812536,1520,-8673,-6845,4105
South Korea,2028,804541,802695,792123,794451,807768,1846,-10572,-8244,5073
South Korea,2029,799310,797126,784673,787522,803204,2184,-12453,-9604,6078
South Korea,2030,794251,791716,777400,780790,798837,2535,-14316,-10926,7121
South Korea,2031,788512,785391,769208,773447,793763,3121,-16183,-11944,8372
South Sudan,2015,8349459,8349459,8349459,8349459,8349459,0,0,0,0
South Sudan,2016,9738952,9738952,9738952,9738952,9738952,0,0,0,0
South Sudan,2017,10384741,10384741,10384741,10384741,10384741,0,0,0,0
South Sudan,2018,10861257,10861257,10861257,10861257,10861257,0,0,0,0
South Sudan,2019,11061352,11061352,11061352,11061352,11061352,0,0,0,0
South Sudan,2020,11079695,11079695,11079695,11079695,11079695,0,0,0,0
South Sudan,2021,11327623,11327623,11327623,11327623,11327623,0,0,0,0
South Sudan,2022,11520171,11520171,11520171,11520171,11520171,0,0,0,0
South Sudan,2023,11793681,11793681,11793681,11793681,11793681,0,0,0,0
South Sudan,2024,12060764,12060764,12060764,12060764,12060764,0,0,0,0
South Sudan,2025,12326101,12326101,12326101,12326101,12326101,0,0,0,0
South Sudan,2026,12584514,12584514,12584514,12584514,12584514,0,0,0,0
South Sudan,2027,12840557,12840557,12840557,12840557,12840557,0,0,0,0
South Sudan,2028,13089288,13089288,13089288,13089288,13089288,0,0,0,0
South Sudan,2029,13334299,13334299,13334299,13334299,13334299,0,0,0,0
South Sudan,2030,13579759,13579759,13579759,13579759,13579759,0,0,0,0
South Sudan,2031,13828219,13828219,13828219,13828219,13828219,0,0,0,0
Spain,2015,551341,551341,551341,551341,551341,0,0,0,0
Spain,2016,541719,541719,541719,541719,541719,0,0,0,0
Spain,2017,535150,535150,535150,535150,535150,0,0,0,0
Spain,2018,530796,530796,530796,530796,530796,0,0,0,0
Spain,2019,526600,526600,526600,526600,526600,0,0,0,0
Spain,2020,522562,522562,522562,522562,522562,0,0,0,0
Spain,2021,518425,518425,518425,518425,518425,0,0,0,0
Spain,2022,514729,514729,514729,514729,514729,0,0,0,0
Spain,2023,514886,514545,512296,514033,517001,341,-2249,-512,2456
Spain,2024,515056,514376,509893,513353,519290,680,-4483,-1023,4914
Spain,2025,515239,514220,507520,512691,521596,1019,-6700,-1529,7376
Spain,2026,515233,513837,504506,511613,523835,1396,-9331,-2224,9998
Spain,2027,515240,513469,501532,510554,526091,1771,-11937,-2915,12622
Spain,2028,515262,513116,498598,509516,528365,2146,-14518,-3600,15249
Spain,2029,515298,512777,495702,508496,530657,2521,-17075,-4281,17880
Spain,2030,515347,512452,492844,507495,532966,2895,-19608,-4957,20514
Spain,2031,515639,512306,489848,506594,535563,3333,-22458,-5712,23257
Sri Lanka,2015,146239,146239,146239,146239,146239,0,0,0,0
Sri Lanka,2016,113998,113998,113998,113998,113998,0,0,0,0
Sri Lanka,2017,86988,86988,86988,86988,86988,0,0,0,0
Sri Lanka,2018,65615,65615,65615,65615,65615,0,0,0,0
Sri Lanka,2019,49414,49414,49414,49414,49414,0,0,0,0
Sri Lanka,2020,37136,37136,37136,37136,37136,0,0,0,0
Sri Lanka,2021,27941,27941,27941,27941,27941,0,0,0,0
Sri Lanka,2022,21284,21284,21284,21284,21284,0,0,0,0
Sri Lanka,2023,17165,17746,18382,17908,16776,-581,636,162,-970
Sri Lanka,2024,13622,14730,15958,15055,12882,-1108,1228,325,-1848
Sri Lanka,2025,10719,13112,13572,12283,9978,-2393,460,-829,-3134
Sri Lanka,2026,9209,9945,12885,10739,8745,-736,2940,794,-1200
Sri Lanka,2027,6925,9174,10345,9366,6640,-2249,1171,192,-2534
Sri Lanka,2028,6688,7097,9731,8670,4722,-409,2634,1573,-2375
Sri Lanka,2029,4508,6821,9226,6703,5040,-2313,2405,-118,-1781
Sri Lanka,2030,4969,5504,7356,6711,4106,-535,1852,1207,-1398
Sri Lanka,2031,4098,4348,7036,4793,2664,-250,2688,445,-1684
Sudan,2015,7659366,7659366,7659366,7659366,7659366,0,0,0,0
Sudan,2016,7728946,7728946,7728946,7728946,7728946,0,0,0,0
Sudan,2017,7696413,7696413,7696413,7696413,7696413,0,0,0,0
Sudan,2018,7693489,7693489,7693489,7693489,7693489,0,0,0,0
Sudan,2019,7687137,7687137,7687137,7687137,7687137,0,0,0,0
Sudan,2020,7675340,7675340,7675340,7675340,7675340,0,0,0,0
Sudan,2021,7656836,7656836,7656836,7656836,7656836,0,0,0,0
Sudan,2022,7625352,7625352,7625352,7625352,7625352,0,0,0,0
Sudan,2023,7383308,7485518,7618756,7628703,7357434,-102210,133238,143185,-128084
Sudan,2024,7141594,7343736,7610407,7630451,7090437,-202142,266671,286715,-253299
Sudan,2025,6900468,7200109,7600285,7630570,6824679,-299641,400176,430461,-375430
Sudan,2026,6595230,7024774,7586700,7630304,6472190,-429544,561926,605530,-552584
Sudan,2027,6294231,6848598,7571512,7628620,6126275,-554367,722914,780022,-722323
Sudan,2028,5997846,6671739,7554709,7625500,5787451,-673893,882970,953761,-884288
Sudan,2029,5707759,6494361,7536279,7620928,5455821,-786602,1041918,1126567,-1038540
Sudan,2030,5420332,6316633,7516211,7614887,5133182,-896301,1199578,1298254,-1183451
Sudan,2031,5107137,6116898,7478481,7598253,4778154,-1009761,1361583,1481355,-1338744
Suriname,2015,105147,105147,105147,105147,105147,0,0,0,0
Suriname,2016,115841,115841,115841,115841,115841,0,0,0,0
Suriname,2017,118627,118627,118627,118627,118627,0,0,0,0
Suriname,2018,119561,119561,119561,119561,119561,0,0,0,0
Suriname,2019,119367,119367,119367,119367,119367,0,0,0,0
Suriname,2020,118587,118587,118587,118587,118587,0,0,0,0
Suriname,2021,117459,117459,117459,117459,117459,0,0,0,0
Suriname,2022,116286,116286,116286,116286,116286,0,0,0,0
Suriname,2023,116500,117045,117724,116821,116243,-545,679,-224,-802
Suriname,2024,116714,117809,119180,117358,116201,-1095,1371,-451,-1608
Suriname,2025,116928,118577,120653,117897,116159,-1649,2076,-680,-2418
Suriname,2026,116934,119265,122199,118222,115857,-2331,2934,-1043,-3408
Suriname,2027,116941,119957,123765,118549,115556,-3016,3808,-1408,-4401
Suriname,2028,116948,120653,125351,118876,115257,-3705,4698,-1777,-5396
Suriname,2029,116955,121353,126957,119205,114959,-4398,5604,-2148,-6394
Suriname,2030,116963,122056,128585,119534,114663,-5093,6529,-2522,-7393
Suriname,2031,116819,122610,130049,119695,114221,-5791,7439,-2915,-8389
Swaziland,2015,555377,555377,555377,555377,555377,0,0,0,0
Swaziland,2016,571230,571230,571230,571230,571230,0,0,0,0
Swaziland,2017,583012,583012,583012,583012,583012,0,0,0,0
Swaziland,2018,594160,594160,594160,594160,594160,0,0,0,0
Swaziland,2019,604050,604050,604050,604050,604050,0,0,0,0
Swaziland,2020,612834,612834,612834,612834,612834,0,0,0,0
Swaziland,2021,621923,621923,621923,621923,621923,0,0,0,0
Swaziland,2022,630660,630660,630660,630660,630660,0,0,0,0
Swaziland,2023,567141,584931,593035,592042,561329,-17790,8104,7111,-23602
Swaziland,2024,505904,540182,555956,554039,494876,-34278,15774,13857,-45306
Swaziland,2025,447346,496601,519539,516774,431764,-49255,22938,20173,-64837
Swaziland,2026,378206,444788,475778,468510,354927,-66582,30990,23722,-89861
Swaziland,2027,313970,395309,433469,422113,284415,-81339,38160,26804,-110894
Swaziland,2028,254325,348196,392678,377648,219558,-93871,44482,29452,-128638
Swaziland,2029,198588,303392,353421,335115,158938,-104804,50029,31723,-144454
Swaziland,2030,145416,260746,315670,294447,98914,-115330,54924,33701,-161832
Swaziland,2031,88606,216788,276523,252538,77372,-128182,59735,35750,-139416
Sweden,2015,40362,40362,40362,40362,40362,0,0,0,0
Sweden,2016,40396,40396,40396,40396,40396,0,0,0,0
Sweden,2017,40488,40488,40488,40488,40488,0,0,0,0
Sweden,2018,40557,40557,40557,40557,40557,0,0,0,0
Sweden,2019,40687,40687,40687,40687,40687,0,0,0,0
Sweden,2020,40882,40882,40882,40882,40882,0,0,0,0
Sweden,2021,41052,41052,41052,41052,41052,0,0,0,0
Sweden,2022,41242,41242,41242,41242,41242,0,0,0,0
Sweden,2023,41470,41440,41228,41350,41665,30,-212,-90,225
Sweden,2024,41701,41641,41216,41461,42093,60,-425,-180,452
Sweden,2025,41936,41845,41207,41575,42527,91,-638,-270,682
Sweden,2026,42143,42019,41125,41637,42947,124,-894,-382,928
Sweden,2027,42353,42196,41045,41701,43372,157,-1151,-495,1176
Sweden,2028,42565,42374,40968,41767,43803,191,-1406,-607,1429
Sweden,2029,42781,42556,40892,41836,44239,225,-1664,-720,1683
Sweden,2030,42999,42739,40818,41908,44681,260,-1921,-831,1942
Sweden,2031,43200,42902,40707,41958,45100,298,-2195,-944,2198
Switzerland,2015,5829,5829,5829,5829,5829,0,0,0,0
Switzerland,2016,5882,5882,5882,5882,5882,0,0,0,0
Switzerland,2017,5916,5916,5916,5916,5916,0,0,0,0
Switzerland,2018,5935,5935,5935,5935,5935,0,0,0,0
Switzerland,2019,5963,5963,5963,5963,5963,0,0,0,0
Switzerland,2020,5980,5980,5980,5980,5980,0,0,0,0
Switzerland,2021,5996,5996,5996,5996,5996,0,0,0,0
Switzerland,2022,6006,6006,6006,6006,6006,0,0,0,0
Switzerland,2023,6008,6006,5979,5995,6027,2,-27,-11,21
Switzerland,2024,6552,6549,6490,6526,6595,3,-59,-23,46
Switzerland,2025,6558,6553,6464,6519,6622,5,-89,-34,69
Switzerland,2026,6561,6556,6434,6507,6648,5,-122,-49,92
Switzerland,2027,6565,6560,6404,6495,6675,5,-156,-65,115
Switzerland,2028,6569,6564,6375,6484,6702,5,-189,-80,138
Switzerland,2029,6574,6568,6346,6474,6730,6,-222,-94,162
Switzerland,2030,6579,6573,6318,6464,6759,6,-255,-109,186
Switzerland,2031,6581,6573,6283,6450,6783,8,-290,-123,210
Taiwan,2015,3252,3252,3252,3252,3252,0,0,0,0
Taiwan,2016,3238,3238,3238,3238,3238,0,0,0,0
Taiwan,2017,3218,3218,3218,3218,3218,0,0,0,0
Taiwan,2018,3197,3197,3197,3197,3197,0,0,0,0
Taiwan,2019,3172,3172,3172,3172,3172,0,0,0,0
Taiwan,2020,3145,3145,3145,3145,3145,0,0,0,0
Taiwan,2021,3116,3116,3116,3116,3116,0,0,0,0
Taiwan,2022,3087,3087,3087,3087,3087,0,0,0,0
Taiwan,2023,3065,3065,3068,3065,3062,0,3,0,-3
Taiwan,2024,3044,3044,3050,3043,3038,0,6,-1,-6
Taiwan,2025,3023,3024,3032,3022,3015,-1,8,-2,-9
Taiwan,2026,3006,3007,3019,3005,2985,-1,12,-2,-22
Taiwan,2027,2975,2977,3005,2973,2947,-2,28,-4,-30
Taiwan,2028,2944,2947,2981,2943,2911,-3,34,-4,-36
Taiwan,2029,2914,2917,2957,2912,4302,-3,40,-5,1385
Taiwan,2030,4311,2888,2934,4309,4267,1423,46,1421,1379
Taiwan,2031,4284,4287,2913,4283,4235,-3,-1374,-4,-52
Tajikistan,2015,1507211,1507211,1507211,1507211,1507211,0,0,0,0
Tajikistan,2016,1325980,1325980,1325980,1325980,1325980,0,0,0,0
Tajikistan,2017,1249108,1249108,1249108,1249108,1249108,0,0,0,0
Tajikistan,2018,1150905,1150905,1150905,1150905,1150905,0,0,0,0
Tajikistan,2019,1034384,1034384,1034384,1034384,1034384,0,0,0,0
Tajikistan,2020,898861,898861,898861,898861,898861,0,0,0,0
Tajikistan,2021,773243,773243,773243,773243,773243,0,0,0,0
Tajikistan,2022,656345,656345,656345,656345,656345,0,0,0,0
Tajikistan,2023,481816,498371,522950,515161,462261,-16555,24579,16790,-36110
Tajikistan,2024,347339,372793,411844,399183,318636,-25454,39051,26390,-54157
Tajikistan,2025,247737,276058,321568,306816,217762,-28321,45510,30758,-58296
Tajikistan,2026,182407,213072,262606,247832,152438,-30665,49534,34760,-60634
Tajikistan,2027,134521,164297,214691,200536,107504,-29776,50394,36239,-56793
Tajikistan,2028,100080,127524,175309,162130,76933,-27444,47785,34606,-50591
Tajikistan,2029,75504,99256,143484,131776,56247,-23752,44228,32520,-43009
Tajikistan,2030,57622,78130,118011,107181,41829,-20508,39881,29051,-36301
Tajikistan,2031,46197,64448,101269,91792,32574,-18251,36821,27344,-31874
Tanzania,2015,22300798,22300798,22300798,22300798,22300798,0,0,0,0
Tanzania,2016,21863893,21863893,21863893,21863893,21863893,0,0,0,0
Tanzania,2017,21296165,21296165,21296165,21296165,21296165,0,0,0,0
Tanzania,2018,20619233,20619233,20619233,20619233,20619233,0,0,0,0
Tanzania,2019,19955119,19955119,19955119,19955119,19955119,0,0,0,0
Tanzania,2020,19308871,19308871,19308871,19308871,19308871,0,0,0,0
Tanzania,2021,18616914,18616914,18616914,18616914,18616914,0,0,0,0
Tanzania,2022,17876867,17876867,17876867,17876867,17876867,0,0,0,0
Tanzania,2023,16797235,17118164,17499836,17492546,16651411,-320929,381672,374382,-466753
Tanzania,2024,15708319,16340013,17101995,17087703,15421622,-631694,761982,747690,-918391
Tanzania,2025,14614397,15544509,16683670,16662690,14193173,-930112,1139161,1118181,-1351336
Tanzania,2026,13407889,14689180,16293839,16247000,12785932,-1281291,1604659,1557820,-1903248
Tanzania,2027,12216440,13824769,15886540,15813887,11410346,-1608329,2061771,1989118,-2414423
Tanzania,2028,11040846,12955228,15462190,15363859,10069040,-1914382,2506962,2408631,-2886188
Tanzania,2029,9895909,12083080,15021291,14897509,8780490,-2187171,2938211,2814429,-3302590
Tanzania,2030,8784218,11206523,14564881,14416099,7550518,-2422305,3358358,3209576,-3656005
Tanzania,2031,7650209,10306229,14080127,13906956,6311817,-2656020,3773898,3600727,-3994412
Thailand,2015,2,2,2,2,2,0,0,0,0
Thailand,2016,2,2,2,2,2,0,0,0,0
Thailand,2017,1,1,1,1,1,0,0,0,0
Thailand,2018,1,1,1,1,1,0,0,0,0
Thailand,2019,1,1,1,1,1,0,0,0,0
Thailand,2020,1,1,1,1,1,0,0,0,0
Thailand,2021,0,0,0,0,0,0,0,0,0
Thailand,2022,0,0,0,0,0,0,0,0,0
Thailand,2023,0,0,0,0,0,0,0,0,0
Thailand,2024,0,0,0,0,0,0,0,0,0
Thailand,2025,0,0,0,0,0,0,0,0,0
Thailand,2026,0,0,0,0,0,0,0,0,0
Thailand,2027,0,0,0,0,0,0,0,0,0
Thailand,2028,0,0,0,0,0,0,0,0,0
Thailand,2029,0,0,0,0,0,0,0,0,0
Thailand,2030,0,0,0,0,0,0,0,0,0
Thailand,2031,0,0,0,0,0,0,0,0,0
Timor,2015,197186,197186,197186,197186,197186,0,0,0,0
Timor,2016,182138,182138,182138,182138,182138,0,0,0,0
Timor,2017,173248,173248,173248,173248,173248,0,0,0,0
Timor,2018,151088,151088,151088,151088,151088,0,0,0,0
Timor,2019,129558,129558,129558,129558,129558,0,0,0,0
Timor,2020,111622,111622,111622,111622,111622,0,0,0,0
Timor,2021,94842,94842,94842,94842,94842,0,0,0,0
Timor,2022,80374,80374,80374,80374,80374,0,0,0,0
Timor,2023,60327,63747,68811,68028,57343,-3420,5064,4281,-6404
Timor,2024,43979,49463,58249,56884,39396,-5484,8786,7421,-10067
Timor,2025,31183,37676,48716,46979,26196,-6493,11040,9303,-11480
Timor,2026,21945,29323,42293,40457,16983,-7378,12970,11134,-12340
Timor,2027,15293,22613,36523,34661,10919,-7320,13910,12048,-11694
Timor,2028,10630,17342,31394,29556,7108,-6712,14052,12214,-10234
Timor,2029,7469,13320,26881,25108,4636,-5851,13561,11788,-8684
Timor,2030,5241,10188,22952,21272,3103,-4947,12764,11084,-7085
Timor,2031,3771,7990,20041,18556,2140,-4219,12051,10566,-5850
Togo,2015,2636833,2636833,2636833,2636833,2636833,0,0,0,0
Togo,2016,2640468,2640468,2640468,2640468,2640468,0,0,0,0
Togo,2017,2641841,2641841,2641841,2641841,2641841,0,0,0,0
Togo,2018,2629650,2629650,2629650,2629650,2629650,0,0,0,0
Togo,2019,2616140,2616140,2616140,2616140,2616140,0,0,0,0
Togo,2020,2590688,2590688,2590688,2590688,2590688,0,0,0,0
Togo,2021,2563476,2563476,2563476,2563476,2563476,0,0,0,0
Togo,2022,2535159,2535159,2535159,2535159,2535159,0,0,0,0
Togo,2023,2414171,2411546,2443139,2436212,2396035,2625,31593,24666,-15511
Togo,2024,2293539,2288073,2350332,2336596,2257852,5466,62259,48523,-30221
Togo,2025,2173326,2164812,2256781,2236360,2120690,8514,91969,71548,-44122
Togo,2026,2022945,2016505,2158745,2133275,1941598,6440,142240,116770,-74907
Togo,2027,1874650,1869720,2060275,2029877,1766107,4930,190555,160157,-103613
Togo,2028,1728382,1724396,1961368,1926160,1594044,3986,236972,201764,-130352
Togo,2029,1584019,1580406,1862008,1822102,1425110,3613,281602,241696,-155296
Togo,2030,1441361,1437540,1762155,1717653,1258702,3821,324615,280113,-178838
Togo,2031,1276331,1280197,1660645,1612551,1066962,-3866,380448,332354,-213235
Tonga,2015,467,467,467,467,467,0,0,0,0
Tonga,2016,384,384,384,384,384,0,0,0,0
Tonga,2017,309,309,309,309,309,0,0,0,0
Tonga,2018,254,254,254,254,254,0,0,0,0
Tonga,2019,228,228,228,228,228,0,0,0,0
Tonga,2020,215,215,215,215,215,0,0,0,0
Tonga,2021,204,204,204,204,204,0,0,0,0
Tonga,2022,191,191,191,191,191,0,0,0,0
Tonga,2023,154,163,174,171,145,-9,11,8,-18
Tonga,2024,123,138,159,153,109,-15,21,15,-29
Tonga,2025,99,120,145,137,88,-21,25,17,-32
Tonga,2026,83,97,130,125,63,-14,33,28,-34
Tonga,2027,65,87,120,107,48,-22,33,20,-39
Tonga,2028,53,74,107,95,38,-21,33,21,-36
Tonga,2029,45,66,97,91,26,-21,31,25,-40
Tonga,2030,37,54,95,81,23,-17,41,27,-31
Tonga,2031,28,48,87,72,13,-20,39,24,-35
Trinidad and Tobago,2015,3448,3448,3448,3448,3448,0,0,0,0
Trinidad and Tobago,2016,3818,3818,3818,3818,3818,0,0,0,0
Trinidad and Tobago,2017,3831,3831,3831,3831,3831,0,0,0,0
Trinidad and Tobago,2018,3586,3586,3586,3586,3586,0,0,0,0
Trinidad and Tobago,2019,3399,3399,3399,3399,3399,0,0,0,0
Trinidad and Tobago,2020,3214,3214,3214,3214,3214,0,0,0,0
Trinidad and Tobago,2021,3134,3134,3134,3134,3134,0,0,0,0
Trinidad and Tobago,2022,3056,3056,3056,3056,3056,0,0,0,0
Trinidad and Tobago,2023,3037,3059,3049,3052,3021,-22,-10,-7,-38
Trinidad and Tobago,2024,3019,3062,3042,3049,2988,-43,-20,-13,-74
Trinidad and Tobago,2025,3002,3065,3036,3046,2955,-63,-29,-19,-110
Trinidad and Tobago,2026,2956,3041,3021,3018,2893,-85,-20,-23,-148
Trinidad and Tobago,2027,2912,3017,3006,2991,2833,-105,-11,-26,-184
Trinidad and Tobago,2028,2869,2994,2991,2963,2775,-125,-3,-31,-219
Trinidad and Tobago,2029,2826,2970,2977,2936,2719,-144,7,-34,-251
Trinidad and Tobago,2030,2785,2947,2962,2909,2663,-162,15,-38,-284
Trinidad and Tobago,2031,2724,2900,2934,2856,2591,-176,34,-44,-309
Tunisia,2015,77024,77024,77024,77024,77024,0,0,0,0
Tunisia,2016,78191,78191,78191,78191,78191,0,0,0,0
Tunisia,2017,73322,73322,73322,73322,73322,0,0,0,0
Tunisia,2018,67452,67452,67452,67452,67452,0,0,0,0
Tunisia,2019,59833,59833,59833,59833,59833,0,0,0,0
Tunisia,2020,52191,52191,52191,52191,52191,0,0,0,0
Tunisia,2021,44712,44712,44712,44712,44712,0,0,0,0
Tunisia,2022,38459,38459,38459,38459,38459,0,0,0,0
Tunisia,2023,34846,35385,35970,35294,34510,-539,585,-91,-875
Tunisia,2024,31564,32538,33613,32370,30916,-974,1075,-168,-1622
Tunisia,2025,28693,29959,31384,29733,27928,-1266,1425,-226,-2031
Tunisia,2026,25966,27579,29626,27293,24989,-1613,2047,-286,-2590
Tunisia,2027,23559,25436,27994,25100,22429,-1877,2558,-336,-3007
Tunisia,2028,21427,23502,26479,23127,20191,-2075,2977,-375,-3311
Tunisia,2029,19533,21752,25070,21346,18490,-2219,3318,-406,-3262
Tunisia,2030,18064,20165,23758,19734,16550,-2101,3593,-431,-3615
Tunisia,2031,16209,18868,22373,18433,15214,-2659,3505,-435,-3654
Turkey,2015,117119,117119,117119,117119,117119,0,0,0,0
Turkey,2016,110102,110102,110102,110102,110102,0,0,0,0
Turkey,2017,104212,104212,104212,104212,104212,0,0,0,0
Turkey,2018,94288,94288,94288,94288,94288,0,0,0,0
Turkey,2019,86667,86667,86667,86667,86667,0,0,0,0
Turkey,2020,74558,74558,74558,74558,74558,0,0,0,0
Turkey,2021,65582,65582,65582,65582,65582,0,0,0,0
Turkey,2022,63544,63544,63544,63544,63544,0,0,0,0
Turkey,2023,52691,53979,55848,54996,52041,-1288,1869,1017,-1938
Turkey,2024,42193,49688,49339,52485,42187,-7495,-349,2797,-7501
Turkey,2025,39263,41211,43156,42624,38324,-1948,1945,1413,-2887
Turkey,2026,34946,37543,41381,39393,33553,-2597,3838,1850,-3990
Turkey,2027,30789,33972,38779,36239,28983,-3183,4807,2267,-4989
Turkey,2028,26792,30495,36206,33157,21526,-3703,5711,2662,-8969
Turkey,2029,21636,27392,33660,30148,23571,-5756,6268,2756,-3821
Turkey,2030,22606,22179,31141,27389,20358,427,8962,5210,-1821
Turkey,2031,19971,24052,28833,22120,17695,-4081,4781,-1932,-6357
Turkmenistan,2015,2307,2307,2307,2307,2307,0,0,0,0
Turkmenistan,2016,1760,1760,1760,1760,1760,0,0,0,0
Turkmenistan,2017,1711,1711,1711,1711,1711,0,0,0,0
Turkmenistan,2018,1252,1252,1252,1252,1252,0,0,0,0
Turkmenistan,2019,1090,1090,1090,1090,1090,0,0,0,0
Turkmenistan,2020,1278,1278,1278,1278,1278,0,0,0,0
Turkmenistan,2021,1115,1115,1115,1115,1115,0,0,0,0
Turkmenistan,2022,725,725,725,725,725,0,0,0,0
Turkmenistan,2023,1029,1035,733,1035,1016,-6,-302,0,-19
Turkmenistan,2024,881,891,919,892,857,-10,28,1,-34
Turkmenistan,2025,741,754,793,757,726,-13,39,3,-28
Turkmenistan,2026,370,374,379,370,368,-4,5,-4,-6
Turkmenistan,2027,371,376,382,371,369,-5,6,-5,-7
Turkmenistan,2028,373,378,386,372,592,-5,8,-6,214
Turkmenistan,2029,570,595,390,594,548,-25,-205,-1,-47
Turkmenistan,2030,188,566,601,554,186,-378,35,-12,-380
Turkmenistan,2031,188,192,585,188,186,-4,393,-4,-6
Uganda,2015,12490438,12490438,12490438,12490438,12490438,0,0,0,0
Uganda,2016,12638075,12638075,12638075,12638075,12638075,0,0,0,0
Uganda,2017,12712471,12712471,12712471,12712471,12712471,0,0,0,0
Uganda,2018,12624153,12624153,12624153,12624153,12624153,0,0,0,0
Uganda,2019,12432557,12432557,12432557,12432557,12432557,0,0,0,0
Uganda,2020,12162143,12162143,12162143,12162143,12162143,0,0,0,0
Uganda,2021,11748949,11748949,11748949,11748949,11748949,0,0,0,0
Uganda,2022,11084169,11084169,11084169,11084169,11084169,0,0,0,0
Uganda,2023,10580244,10818719,11068652,11066530,10501256,-238475,249933,247811,-317463
Uganda,2024,10067682,10541200,11044975,11040748,9911324,-473518,503775,499548,-629876
Uganda,2025,9547701,10251820,11012882,11006574,9316235,-704119,761062,754754,-935585
Uganda,2026,8937441,9919620,11006981,10984008,8585399,-982179,1087361,1064388,-1334221
Uganda,2027,8326550,9577466,10993839,10953688,7856795,-1250916,1416373,1376222,-1720671
Uganda,2028,7713464,9225372,10973222,10915387,7139877,-1511908,1747850,1690015,-2085495
Uganda,2029,7106951,8860229,10945207,10869248,6434529,-1753278,2084978,2009019,-2425700
Uganda,2030,6505900,8489746,10909334,10814726,5744284,-1983846,2419588,2324980,-2745462
Uganda,2031,5868725,8076137,10851726,10738292,5014766,-2207412,2775589,2662155,-3061371
Ukraine,2015,22414,22414,22414,22414,22414,0,0,0,0
Ukraine,2016,21321,21321,21321,21321,21321,0,0,0,0
Ukraine,2017,20207,20207,20207,20207,20207,0,0,0,0
Ukraine,2018,19467,19467,19467,19467,19467,0,0,0,0
Ukraine,2019,16764,16764,16764,16764,16764,0,0,0,0
Ukraine,2020,16983,16983,16983,16983,16983,0,0,0,0
Ukraine,2021,15039,15039,15039,15039,15039,0,0,0,0
Ukraine,2022,15744,15744,15744,15744,15744,0,0,0,0
Ukraine,2023,15590,15604,15549,15495,15699,-14,-55,-109,95
Ukraine,2024,15438,15465,15356,15251,15654,-27,-109,-214,189
Ukraine,2025,15287,15328,15167,15012,15609,-41,-161,-316,281
Ukraine,2026,15122,15159,14911,14714,15597,-37,-248,-445,438
Ukraine,2027,14959,14993,14660,14424,15585,-34,-333,-569,592
Ukraine,2028,14797,14830,14416,14142,15573,-33,-414,-688,743
Ukraine,2029,14638,14668,14177,13867,15561,-30,-491,-801,893
Ukraine,2030,14481,14509,13943,13600,15548,-28,-566,-909,1039
Ukraine,2031,14305,14336,13673,13314,15532,-31,-663,-1022,1196
United Arab Emirates,2015,2677,2677,2677,2677,2677,0,0,0,0
United Arab Emirates,2016,2599,2599,2599,2599,2599,0,0,0,0
United Arab Emirates,2017,2543,2543,2543,2543,2543,0,0,0,0
United Arab Emirates,2018,2462,2462,2462,2462,2462,0,0,0,0
United Arab Emirates,2019,2392,2392,2392,2392,2392,0,0,0,0
United Arab Emirates,2020,2321,2321,2321,2321,2321,0,0,0,0
United Arab Emirates,2021,2249,2249,2249,2249,2249,0,0,0,0
United Arab Emirates,2022,2179,2179,2179,2179,2179,0,0,0,0
United Arab Emirates,2023,2133,2137,2123,2134,2147,-4,-14,-3,10
United Arab Emirates,2024,2087,2097,2068,2090,2116,-10,-29,-7,19
United Arab Emirates,2025,2043,2057,2015,2046,2085,-14,-42,-11,28
United Arab Emirates,2026,1991,2009,1957,1994,2041,-18,-52,-15,32
United Arab Emirates,2027,1940,1963,1901,1943,1999,-23,-62,-20,36
United Arab Emirates,2028,1890,1917,1846,1894,1958,-27,-71,-23,41
United Arab Emirates,2029,1842,1873,1794,1846,1917,-31,-79,-27,44
United Arab Emirates,2030,1795,1830,1742,1799,1877,-35,-88,-31,47
United Arab Emirates,2031,1745,1783,1689,1748,1832,-38,-94,-35,49
United Kingdom,2015,100396,100396,100396,100396,100396,0,0,0,0
United Kingdom,2016,100349,100349,100349,100349,100349,0,0,0,0
United Kingdom,2017,100187,100187,100187,100187,100187,0,0,0,0
United Kingdom,2018,100341,100341,100341,100341,100341,0,0,0,0
United Kingdom,2019,100413,100413,100413,100413,100413,0,0,0,0
United Kingdom,2020,100299,100299,100299,100299,100299,0,0,0,0
United Kingdom,2021,100180,100180,100180,100180,100180,0,0,0,0
United Kingdom,2022,100039,100039,100039,100039,100039,0,0,0,0
United Kingdom,2023,99953,99930,99441,99692,100345,23,-489,-238,415
United Kingdom,2024,99876,99831,98860,99358,100659,45,-971,-473,828
United Kingdom,2025,99810,99741,98293,99036,100982,69,-1448,-705,1241
United Kingdom,2026,99634,99590,97433,98486,101320,44,-2157,-1104,1730
United Kingdom,2027,99355,99314,96556,97893,101490,41,-2758,-1421,2176
United Kingdom,2028,99092,99052,95705,97321,101663,40,-3347,-1731,2611
United Kingdom,2029,98844,98802,94879,96768,101849,42,-3923,-2034,3047
United Kingdom,2030,98610,98565,94077,96234,102047,45,-4488,-2331,3482
United Kingdom,2031,98393,98336,93245,95715,102252,57,-5091,-2621,3916
United States,2015,1771114,1771114,1771114,1771114,1771114,0,0,0,0
United States,2016,1776585,1776585,1776585,1776585,1776585,0,0,0,0
United States,2017,1776367,1776367,1776367,1776367,1776367,0,0,0,0
United States,2018,1774436,1774436,1774436,1774436,1774436,0,0,0,0
United States,2019,1775737,1775737,1775737,1775737,1775737,0,0,0,0
United States,2020,1779258,1779258,1779258,1779258,1779258,0,0,0,0
United States,2021,1783860,1783860,1783860,1783860,1783860,0,0,0,0
United States,2022,1788156,1788156,1788156,1788156,1788156,0,0,0,0
United States,2023,1792213,1792126,1782833,1788607,1799746,87,-9293,-3519,7620
United States,2024,1796350,1796167,1777609,1789139,1811468,183,-18558,-7028,15301
United States,2025,1800566,1800278,1772486,1789753,1823323,288,-27792,-10525,23045
United States,2026,1804098,1804031,1765396,1788730,1834874,67,-38635,-15301,30843
United States,2027,1807704,1807846,1758410,1787785,1846559,-142,-49436,-20061,38713
United States,2028,1811384,1811722,1751527,1786919,1858380,-338,-60195,-24803,46658
United States,2029,1815141,1815661,1744745,1786131,1870339,-520,-70916,-29530,54678
United States,2030,1819593,1819661,1744840,1792015,1882438,-68,-74821,-27646,62777
United States,2031,1832252,1824446,1725378,1778665,1897609,7806,-99068,-45781,73163
Uruguay,2015,2667,2667,2667,2667,2667,0,0,0,0
Uruguay,2016,2557,2557,2557,2557,2557,0,0,0,0
Uruguay,2017,2437,2437,2437,2437,2437,0,0,0,0
Uruguay,2018,2221,2221,2221,2221,2221,0,0,0,0
Uruguay,2019,2132,2132,2132,2132,2132,0,0,0,0
Uruguay,2020,1747,1747,1747,1747,1747,0,0,0,0
Uruguay,2021,1560,1560,1560,1560,1560,0,0,0,0
Uruguay,2022,1462,1462,1462,1462,1462,0,0,0,0
Uruguay,2023,1346,1365,1385,1366,1333,-19,20,1,-32
Uruguay,2024,1234,1270,1309,1272,1208,-36,39,2,-62
Uruguay,2025,1125,1177,1233,1180,1088,-52,56,3,-89
Uruguay,2026,1089,1098,1174,1100,870,-9,76,2,-228
Uruguay,2027,874,1098,1117,1088,948,-224,19,-10,-150
Uruguay,2028,921,883,1121,873,851,38,238,-10,-32
Uruguay,2029,839,950,905,954,760,-111,-45,4,-190
Uruguay,2030,758,882,908,887,662,-124,26,5,-220
Uruguay,2031,677,823,981,828,781,-146,158,5,-42
Uzbekistan,2015,5330847,5330847,5330847,5330847,5330847,0,0,0,0
Uzbekistan,2016,4588621,4588621,4588621,4588621,4588621,0,0,0,0
Uzbekistan,2017,4084500,4084500,4084500,4084500,4084500,0,0,0,0
Uzbekistan,2018,3599043,3599043,3599043,3599043,3599043,0,0,0,0
Uzbekistan,2019,3139060,3139060,3139060,3139060,3139060,0,0,0,0
Uzbekistan,2020,2709341,2709341,2709341,2709341,2709341,0,0,0,0
Uzbekistan,2021,2315505,2315505,2315505,2315505,2315505,0,0,0,0
Uzbekistan,2022,1958778,1958778,1958778,1958778,1958778,0,0,0,0
Uzbekistan,2023,1507646,1543046,1583888,1536615,1484160,-35400,40842,-6431,-58886
Uzbekistan,2024,1147523,1203920,1270041,1193739,1110926,-56397,66121,-10181,-92994
Uzbekistan,2025,866904,932012,1011653,920121,825373,-65108,79641,-11891,-106639
Uzbekistan,2026,682596,755621,846271,740565,637685,-73025,90650,-15056,-117936
Uzbekistan,2027,538848,612695,707548,596814,494368,-73847,94853,-15881,-118327
Uzbekistan,2028,426586,498345,592753,481564,385123,-71759,94408,-16781,-113222
Uzbekistan,2029,339524,406656,497141,390411,302412,-67132,90485,-16245,-104244
Uzbekistan,2030,273744,333355,418417,318158,240745,-59611,85062,-15197,-92610
Uzbekistan,2031,229422,285036,365010,270349,199789,-55614,79974,-14687,-85247
Vanuatu,2015,39891,39891,39891,39891,39891,0,0,0,0
Vanuatu,2016,38994,38994,38994,38994,38994,0,0,0,0
Vanuatu,2017,37565,37565,37565,37565,37565,0,0,0,0
Vanuatu,2018,36611,36611,36611,36611,36611,0,0,0,0
Vanuatu,2019,35994,35994,35994,35994,35994,0,0,0,0
Vanuatu,2020,35834,35834,35834,35834,35834,0,0,0,0
Vanuatu,2021,35618,35618,35618,35618,35618,0,0,0,0
Vanuatu,2022,35320,35320,35320,35320,35320,0,0,0,0
Vanuatu,2023,34341,34916,35514,35599,34202,-575,598,683,-714
Vanuatu,2024,33355,34501,35704,35877,33079,-1146,1203,1376,-1422
Vanuatu,2025,32382,34074,35891,36153,31973,-1692,1817,2079,-2101
Vanuatu,2026,31138,33562,36076,36424,30486,-2424,2514,2862,-3076
Vanuatu,2027,29915,33025,36257,36693,29049,-3110,3232,3668,-3976
Vanuatu,2028,28710,32490,36436,36962,27622,-3780,3946,4472,-4868
Vanuatu,2029,27533,31953,36611,37230,26249,-4420,4658,5277,-5704
Vanuatu,2030,26361,31409,36783,37496,24891,-5048,5374,6087,-6518
Vanuatu,2031,25097,30761,36886,37697,23420,-5664,6125,6936,-7341
Venezuela,2015,2629250,2629250,2629250,2629250,2629250,0,0,0,0
Venezuela,2016,3357763,3357763,3357763,3357763,3357763,0,0,0,0
Venezuela,2017,3768445,3768445,3768445,3768445,3768445,0,0,0,0
Venezuela,2018,4065897,4065897,4065897,4065897,4065897,0,0,0,0
Venezuela,2019,4237690,4237690,4237690,4237690,4237690,0,0,0,0
Venezuela,2020,4419841,4419841,4419841,4419841,4419841,0,0,0,0
Venezuela,2021,4608925,4608925,4608925,4608925,4608925,0,0,0,0
Venezuela,2022,4796725,4796725,4796725,4796725,4796725,0,0,0,0
Venezuela,2023,4981655,5006761,5037405,4994394,4983198,-25106,30644,-12367,-23563
Venezuela,2024,5174029,5227253,5291528,5201424,5177239,-53224,64275,-25829,-50014
Venezuela,2025,5375976,5456687,5558408,5416849,5380906,-80711,101721,-39838,-75781
Venezuela,2026,5560120,5678808,5822599,5612255,5567322,-118688,143791,-66553,-111486
Venezuela,2027,5751672,5909855,6099977,5815219,5761215,-158183,190122,-94636,-148640
Venezuela,2028,5949931,6150410,6390658,6025628,5961969,-200479,240248,-124782,-188441
Venezuela,2029,6155088,6400797,6695181,6243705,6169781,-245709,294384,-157092,-231016
Venezuela,2030,6367334,6661347,7014098,6469678,6384849,-294013,352751,-191669,-276498
Venezuela,2031,6565471,6907957,7323195,6678229,6586215,-342486,415238,-229728,-321742
Vietnam,2015,1591170,1591170,1591170,1591170,1591170,0,0,0,0
Vietnam,2016,1288653,1288653,1288653,1288653,1288653,0,0,0,0
Vietnam,2017,1028294,1028294,1028294,1028294,1028294,0,0,0,0
Vietnam,2018,829735,829735,829735,829735,829735,0,0,0,0
Vietnam,2019,669687,669687,669687,669687,669687,0,0,0,0
Vietnam,2020,543490,543490,543490,543490,543490,0,0,0,0
Vietnam,2021,441172,441172,441172,441172,441172,0,0,0,0
Vietnam,2022,363080,363080,363080,363080,363080,0,0,0,0
Vietnam,2023,298983,304608,309295,304163,295578,-5625,4687,-445,-9030
Vietnam,2024,249396,256690,264468,255939,244092,-7294,7778,-751,-12598
Vietnam,2025,209447,220290,229718,219317,203136,-10843,9428,-973,-17154
Vietnam,2026,179998,193024,204614,191801,172521,-13026,11590,-1223,-20503
Vietnam,2027,155806,170091,183076,168686,147736,-14285,12985,-1405,-22355
Vietnam,2028,134638,150669,164501,149135,124574,-16031,13832,-1534,-26095
Vietnam,2029,120593,132131,148397,130547,111256,-11538,16266,-1584,-20875
Vietnam,2030,102801,121361,131783,119669,96184,-18560,10422,-1692,-25177
Vietnam,2031,93456,104549,125434,102839,85821,-11093,20885,-1710,-18728
World,2015,728890096,728890096,728890096,728890096,728890096,0,0,0,0
World,2016,695012149,695012149,695012149,695012149,695012149,0,0,0,0
World,2017,655848938,655848938,655848938,655848938,655848938,0,0,0,0
World,2018,616790322,616790322,616790322,616790322,616790322,0,0,0,0
World,2019,584337541,584337541,584337541,584337541,584337541,0,0,0,0
World,2020,558281388,558281388,558281388,558281388,558281388,0,0,0,0
World,2021,538774665,538774665,538774665,538774665,538774665,0,0,0,0
World,2022,522782269,522782269,522782269,522782269,522782269,0,0,0,0
World,2023,502081928,508262585,515654504,514428873,499445959,-6180657,7391919,6166288,-8816626
World,2024,485084613,496902970,511113597,509096671,480197390,-11818357,14210627,12193701,-16705580
World,2025,469955930,487022328,507806927,505209236,463071931,-17066398,20784599,18186908,-23950397
World,2026,453615136,477551266,506894774,503151359,443717976,-23936130,29343508,25600093,-33833290
World,2027,438402511,468867312,506465397,501874250,425754330,-30464801,37598085,33006938,-43112982
World,2028,424168456,460838834,506601087,501149455,408964529,-36670378,45762253,40310621,-51874305
World,2029,410804396,453346896,507209478,500978726,393232273,-42542500,53862582,47631830,-60114623
World,2030,397951636,446440035,508221974,501337661,378285542,-48488399,61781939,54897626,-68154493
Yemen,2015,7351298,7351298,7351298,7351298,7351298,0,0,0,0
Yemen,2016,9137249,9137249,9137249,9137249,9137249,0,0,0,0
Yemen,2017,8754267,8754267,8754267,8754267,8754267,0,0,0,0
Yemen,2018,7302697,7302697,7302697,7302697,7302697,0,0,0,0
Yemen,2019,6904835,6904835,6904835,6904835,6904835,0,0,0,0
Yemen,2020,6524755,6524755,6524755,6524755,6524755,0,0,0,0
Yemen,2021,6157611,6157611,6157611,6157611,6157611,0,0,0,0
Yemen,2022,5806515,5806515,5806515,5806515,5806515,0,0,0,0
Yemen,2023,6219343,6291522,6376507,6366463,6212187,-72179,84985,74941,-79335
Yemen,2024,6664789,6821134,7007619,6985382,6649420,-156345,186485,164248,-171714
Yemen,2025,7145674,7399818,7706943,7669990,7120910,-254144,307125,270172,-278908
Yemen,2026,7557254,7919825,8368405,8314234,7528745,-362571,448580,394409,-391080
Yemen,2027,7995318,8480126,9091779,9017481,7962754,-484808,611653,537355,-517372
Yemen,2028,8461740,9084124,9883326,9785573,8424789,-622384,799202,701449,-659335
Yemen,2029,8958539,9735532,10749990,10624969,8916845,-776993,1014458,889437,-818687
Yemen,2030,9487889,10438404,11699473,11542822,9441069,-950515,1261069,1104418,-997335
Yemen,2031,9934561,11063953,12556972,12361659,9888027,-1129392,1493019,1297706,-1175926
Zambia,2015,9222941,9222941,9222941,9222941,9222941,0,0,0,0
Zambia,2016,9520519,9520519,9520519,9520519,9520519,0,0,0,0
Zambia,2017,9788426,9788426,9788426,9788426,9788426,0,0,0,0
Zambia,2018,10032211,10032211,10032211,10032211,10032211,0,0,0,0
Zambia,2019,10273299,10273299,10273299,10273299,10273299,0,0,0,0
Zambia,2020,10478747,10478747,10478747,10478747,10478747,0,0,0,0
Zambia,2021,10690379,10690379,10690379,10690379,10690379,0,0,0,0
Zambia,2022,10895123,10895123,10895123,10895123,10895123,0,0,0,0
Zambia,2023,10856643,10983200,11118333,11118226,10819084,-126557,135133,135026,-164116
Zambia,2024,10812744,11069310,11345247,11345102,10736696,-256566,275937,275792,-332614
Zambia,2025,10763465,11153388,11575904,11575796,10648072,-389923,422516,422408,-505316
Zambia,2026,10653355,11209609,11809200,11805306,10480942,-556254,599591,595697,-728667
Zambia,2027,10537411,11263093,12046473,12038665,10307200,-725682,783380,775572,-955893
Zambia,2028,10415780,11313785,12287772,12275919,10127151,-898005,973987,962134,-1186634
Zambia,2029,10288611,11361628,12533148,12517117,9941092,-1073017,1171520,1155489,-1420536
Zambia,2030,10156047,11406564,12782650,12762307,9748642,-1250517,1376086,1355743,-1657922
Zambia,2031,9992203,11413605,13015723,12990320,9520854,-1421402,1602118,1576715,-1892751
Zimbabwe,2015,6387191,6387191,6387191,6387191,6387191,0,0,0,0
Zimbabwe,2016,6607373,6607373,6607373,6607373,6607373,0,0,0,0
Zimbabwe,2017,6656618,6656618,6656618,6656618,6656618,0,0,0,0
Zimbabwe,2018,7129758,7129758,7129758,7129758,7129758,0,0,0,0
Zimbabwe,2019,7433801,7433801,7433801,7433801,7433801,0,0,0,0
Zimbabwe,2020,7607626,7607626,7607626,7607626,7607626,0,0,0,0
Zimbabwe,2021,7785506,7785506,7785506,7785506,7785506,0,0,0,0
Zimbabwe,2022,7967447,7967447,7967447,7967447,7967447,0,0,0,0
Zimbabwe,2023,6736540,6961926,7225656,7078620,6490690,-225386,263730,116694,-471236
Zimbabwe,2024,5708436,6091574,6557709,6295360,5304899,-383138,466135,203786,-786675
Zimbabwe,2025,4847829,5337203,5955820,5604427,4349657,-489374,618617,267224,-987546
Zimbabwe,2026,3977521,4569835,5338411,4907772,3409035,-592314,768576,337937,-1160800
Zimbabwe,2027,3274273,3920307,4789572,4303579,2685269,-646034,869265,383272,-1235038
Zimbabwe,2028,2704147,3369473,4301228,3778864,2125580,-665326,931755,409391,-1243893
Zimbabwe,2029,2240450,2901459,3866302,3322562,1690657,-661009,964843,421103,-1210802
Zimbabwe,2030,1862113,2503071,3478592,2925226,1351069,-640958,975521,422155,-1152002
Zimbabwe,2031,1536691,2148995,3118489,2563828,1070317,-612304,969494,414833,-1078678
